		F	L	S	Y	*	C	W	P	H	Q	R	I	M	T	N	K	V	A	D	E	G	
1500	1 atg	0.0007	0.0007	0.0387	0.0000	0.0020	0.0007	0.0000	0.0007	0.0000	0.0000	0.0000	0.0000	0.9533	0.0007	0.0000	0.0013	0.0000	0.0007	0.0000	0.0007	0.0000	1500
2663	2 gct	0.0120	0.0650	0.0285	0.0101	0.0225	0.0146	0.0068	0.0165	0.0184	0.0101	0.0237	0.0195	0.0071	0.0169	0.0113	0.0165	0.0342	0.6008	0.0094	0.0113	0.0447	2663
13227	3 ggc	0.0259	0.0973	0.0746	0.0191	0.0202	0.0200	0.0160	0.1273	0.0464	0.0359	0.1319	0.0559	0.0026	0.0465	0.0139	0.0319	0.0519	0.0645	0.0237	0.0221	0.0724	13227
1738	4 cgg	0.0265	0.1904	0.2434	0.0328	0.0000	0.0023	0.0000	0.0104	0.0006	0.1110	0.0063	0.0006	0.0207	0.1582	0.0000	0.0012	0.0184	0.0644	0.0000	0.0489	0.0639	1738
13738	5 tct	0.0218	0.1427	0.0707	0.0718	0.0005	0.0485	0.0020	0.0525	0.0267	0.0164	0.1837	0.0101	0.0002	0.0702	0.0096	0.0702	0.0347	0.0132	0.0732	0.0186	0.0627	13738
817	6 ggc	0.0049	0.0355	0.0184	0.0024	0.0135	0.0245	0.0086	0.0024	0.0098	0.0037	0.0208	0.0012	0.0024	0.0098	0.0049	0.0012	0.0575	0.0122	0.0012	0.0171	0.7479	817
1403	7 gat	0.0071	0.0292	0.0613	0.0763	0.0000	0.0470	0.0335	0.0043	0.0000	0.1483	0.2046	0.0299	0.0342	0.0021	0.0036	0.0485	0.1703	0.0349	0.0249	0.0021	0.0378	1403
421	8 tct	0.0095	0.0190	0.7458	0.0048	0.0143	0.0095	0.0000	0.0048	0.0048	0.0024	0.0261	0.0166	0.0071	0.0190	0.0048	0.0000	0.0451	0.0143	0.0143	0.0095	0.0285	421
1191	9 gat	0.0185	0.0218	0.0311	0.0017	0.0025	0.0050	0.0000	0.0059	0.0210	0.0109	0.0084	0.0017	0.0017	0.0151	0.0059	0.0000	0.0109	0.0067	0.8178	0.0042	0.0092	1191
7457	10 gag	0.0329	0.0288	0.0821	0.0110	0.0023	0.0000	0.0544	0.1342	0.0468	0.0121	0.1999	0.0481	0.0000	0.0371	0.0080	0.0099	0.0184	0.1242	0.0009	0.0032	0.1455	7457
4779	11 gaa	0.0203	0.0745	0.1013	0.0180	0.0082	0.0195	0.0123	0.1343	0.0306	0.0249	0.0923	0.0259	0.0151	0.0580	0.0123	0.0571	0.0372	0.1191	0.0195	0.0226	0.0971	4779
32421	12 ttg	0.0995	0.1720	0.0140	0.0415	0.0030	0.0564	0.1106	0.0101	0.0017	0.0004	0.0020	0.0169	0.0070	0.0042	0.0002	0.0012	0.2165	0.2001	0.0011	0.0291	0.0125	32421
10473	13 att	0.0254	0.1343	0.0942	0.0243	0.0019	0.0304	0.0183	0.0087	0.0412	0.0463	0.1686	0.0285	0.0231	0.0662	0.0732	0.0299	0.0237	0.0714	0.0008	0.0270	0.0624	10473
4178	14 cgg	0.0651	0.1099	0.0658	0.0108	0.0002	0.0263	0.0311	0.0419	0.1807	0.0045	0.1683	0.0536	0.0000	0.0165	0.0050	0.0160	0.1020	0.0005	0.0000	0.0010	0.1008	4178
10675	15 acc	0.0493	0.1770	0.0665	0.0265	0.0027	0.0443	0.0034	0.0313	0.0217	0.0166	0.0790	0.1080	0.0068	0.1676	0.0076	0.0091	0.0714	0.0982	0.0011	0.0006	0.0114	10675
1894	16 gtg	0.0174	0.0887	0.0037	0.0011	0.0005	0.0053	0.0005	0.0026	0.0000	0.0000	0.0053	0.0074	0.0095	0.0074	0.0000	0.0074	0.8099	0.0312	0.0000	0.0000	0.0021	1894
164	17 cgg	0.0061	0.1341	0.0915	0.0000	0.0000	0.0427	0.0183	0.0305	0.0244	0.0183	0.2744	0.0549	0.0000	0.0915	0.0000	0.0061	0.0610	0.1098	0.0183	0.0061	0.0122	164
12024	18 ttg	0.0422	0.3205	0.0447	0.0096	0.0042	0.0796	0.0121	0.0080	0.0109	0.0103	0.0096	0.1233	0.0289	0.0830	0.0010	0.0016	0.1292	0.0751	0.0003	0.0027	0.0032	12024
10163	19 att	0.0029	0.5179	0.0065	0.0024	0.0011	0.0527	0.0002	0.0037	0.0001	0.0007	0.0016	0.2431	0.0091	0.0005	0.0017	0.0001	0.1495	0.0011	0.0017	0.0001	0.0035	10163
724	20 aaa	0.0000	0.0152	0.0014	0.0000	0.0166	0.0166	0.0000	0.0014	0.0000	0.0456	0.0055	0.0000	0.0000	0.0000	0.0041	0.7887	0.0000	0.1036	0.0000	0.0000	0.0014	724
1122	21 ttg	0.0383	0.5401	0.0357	0.0045	0.0062	0.0357	0.0134	0.0009	0.0205	0.0018	0.0722	0.0125	0.0152	0.0365	0.0053	0.0098	0.0686	0.0187	0.0080	0.0107	0.0455	1122
3108	22 ttg	0.0010	0.5068	0.0003	0.0003	0.0006	0.3211	0.0006	0.0013	0.0000	0.0000	0.0003	0.1055	0.0454	0.0000	0.0003	0.0000	0.0023	0.0013	0.0006	0.0003	0.0119	3108
538	23 tac	0.0000	0.0000	0.0019	0.9870	0.0037	0.0000	0.0000	0.0000	0.0019	0.0000	0.0000	0.0000	0.0000	0.0037	0.0000	0.0000	0.0000	0.0019	0.0000	0.0000	0.0000	538
1582	24 cag	0.0000	0.0000	0.0057	0.0000	0.0013	0.0000	0.0000	0.0032	0.0025	0.9779	0.0013	0.0006	0.0000	0.0000	0.0000	0.0057	0.0000	0.0013	0.0000	0.0000	0.0006	1582
1122	25 tct	0.0080	0.0374	0.6809	0.0152	0.0098	0.0080	0.0080	0.0348	0.0187	0.0089	0.0410	0.0116	0.0009	0.0285	0.0053	0.0027	0.0250	0.0250	0.0080	0.0027	0.0196	1122
9016	26 aat	0.1264	0.1880	0.0450	0.0007	0.0003	0.0148	0.0477	0.0065	0.0028	0.0055	0.0108	0.1231	0.0003	0.0135	0.0074	0.1910	0.1146	0.0142	0.0651	0.0155	0.0067	9016
18337	27 cct	0.1047	0.1006	0.1982	0.0019	0.0003	0.0330	0.0504	0.0394	0.0003	0.0006	0.1711	0.0098	0.0000	0.0063	0.0183	0.0001	0.0681	0.0529	0.0001	0.0002	0.1437	18337
27820	28 ccc	0.0626	0.0161	0.0813	0.4108	0.0021	0.0299	0.0361	0.0889	0.0450	0.0018	0.0461	0.0028	0.0009	0.0113	0.0295	0.0104	0.0091	0.0468	0.0002	0.0452	0.0231	27820
673	29 cct	0.0000	0.0654	0.0446	0.0312	0.0074	0.0238	0.0163	0.1738	0.0743	0.0371	0.1560	0.0045	0.0045	0.0535	0.0223	0.0134	0.0342	0.0520	0.0193	0.0357	0.1308	673
24470	30 aat	0.0003	0.0182	0.0851	0.0069	0.0008	0.0201	0.0010	0.0265	0.0188	0.0426	0.0745	0.0383	0.0123	0.0785	0.0867	0.0157	0.0262	0.0710	0.1518	0.0383	0.1864	24470
15866	31 cct	0.0055	0.0913	0.0617	0.0532	0.0055	0.0223	0.0013	0.1295	0.0533	0.0154	0.0635	0.0848	0.0023	0.0396	0.0693	0.0111	0.0619	0.0898	0.0522	0.0264	0.0601	15866
37056	32 gaa	0.0904	0.0161	0.0128	0.0000	0.0001	0.0091	0.0002	0.2759	0.0135	0.0033	0.2564	0.0015	0.0087	0.0196	0.0069	0.0324	0.0051	0.0084	0.1322	0.0619	0.0453	37056
29084	33 gga	0.0006	0.1028	0.4319	0.0001	0.0013	0.2311	0.0001	0.0002	0.0000	0.0000	0.0015	0.0074	0.0001	0.0102	0.0001	0.0001	0.0358	0.0187	0.0001	0.0002	0.1576	29084
39460	34 aca	0.0000	0.0022	0.1090	0.0000	0.0000	0.0001	0.0001	0.5828	0.0070	0.0014	0.0044	0.0006	0.0000	0.1460	0.0005	0.0077	0.0029	0.0125	0.0000	0.0065	0.1163	39460
4	35 agg	0.0000	0.0000	0.0000	0.0000	0.0000	0.0000	0.0000	0.0000	0.0000	0.0000	1.0000	0.0000	0.0000	0.0000	0.0000	0.0000	0.0000	0.0000	0.0000	0.0000	0.0000	4
276	36 caa	0.0036	0.0072	0.0181	0.0109	0.0036	0.0036	0.0000	0.0217	0.0145	0.8370	0.0109	0.0000	0.0000	0.0145	0.0000	0.0109	0.0072	0.0036	0.0036	0.0072	0.0217	276
1	37 gca	0.0000	0.0000	0.0000	0.0000	0.0000	0.0000	0.0000	0.0000	0.0000	0.0000	0.0000	0.0000	0.0000	0.0000	0.0000	0.0000	0.0000	1.0000	0.0000	0.0000	0.0000	1
21	38 agg	0.0000	0.0000	0.0000	0.0000	0.0000	0.0000	0.0000	0.0000	0.0000	0.0000	1.0000	0.0000	0.0000	0.0000	0.0000	0.0000	0.0000	0.0000	0.0000	0.0000	0.0000	21
30881	39 cgc	0.0000	0.0001	0.0008	0.0000	0.0000	0.0008	0.0000	0.0004	0.0020	0.0000	0.9912	0.0000	0.0000	0.0002	0.0001	0.0000	0.0000	0.0025	0.0000	0.0000	0.0018	30881
30881	40 aac	0.0000	0.0007	0.0631	0.0000	0.0000	0.0000	0.0259	0.0066	0.0007	0.0000	0.0153	0.0000	0.0000	0.0027	0.3907	0.0013	0.0020	0.1216	0.0126	0.0053	0.3515	1505
860	41 cgg	0.0000	0.0012	0.0000	0.0012	0.0012	0.0000	0.0058	0.0000	0.0000	0.0012	0.9826	0.0000	0.0000	0.0000	0.0000	0.0000	0.0000	0.0012	0.0000	0.0000	0.0058	860
265236	42 cgc	0.0344	0.1064	0.0148	0.0220	0.0005	0.0035	0.0004	0.0015	0.0242	0.0164	0.3177	0.0416	0.0334	0.0102	0.0165	0.0816	0.1319	0.1065	0.0086	0.0041	0.0239	265236
106367	43 cgg	0.0033	0.0221	0.3209	0.0204	0.0053	0.0071	0.0073	0.0017	0.0289	0.0512	0.1517	0.0134	0.0055	0.0350	0.0469	0.1409	0.0128	0.1105	0.0015	0.0057	0.0080	106367
47475	44 cgc	0.0017	0.0132	0.0143	0.0002	0.0048	0.0027	0.0033	0.0132	0.0066	0.0449	0.8036	0.0037	0.0005	0.0046	0.0166	0.0024	0.0138	0.0304	0.0014	0.0025	0.0155	47475
1305	45 tgg	0.1747	0.0054	0.0015	0.0169	0.0015	0.0008	0.7617	0.0031	0.0222	0.0008	0.0015	0.0031	0.0000	0.0008	0.0008	0.0000	0.0008	0.0000	0.0008	0.0008	0.0031	1305
61073	46 cgc	0.0002	0.3479	0.0030	0.0000	0.0014	0.0112	0.0025	0.0003	0.0856	0.2578	0.2410	0.0008	0.0001	0.0005	0.0103	0.0006	0.0120	0.0185	0.0000	0.0005	0.0059	61073
43934	47 gaa	0.0513	0.2720	0.1189	0.0002	0.0004	0.0000	0.0000	0.0014	0.1248	0.1031	0.0155	0.0037	0.0003	0.1694	0.0001	0.0491	0.0098	0.0003	0.0035	0.0014	0.0747	43934
26	48 aga	0.0000	0.0000	0.0000	0.0000	0.0000	0.0000	0.0000	0.0000	0.0000	0.0000	0.9615	0.0000	0.0000	0.0000	0.0385	0.0000	0.0000	0.0000	0.0000	0.0000	0.0000	26
4999	49 caa	0.1152	0.0004	0.1298	0.0012	0.0000	0.0304	0.0252	0.0012	0.0058	0.0338	0.1506	0.0748	0.0098	0.1258	0.0180	0.0014	0.1034	0.0544	0.0268	0.0018	0.0900	4999
0	50 cgg	0.0000	0.0000	0.0000	0.0000	0.0000	0.0000	0.0000	0.0000	0.0000	0.0000	0.0000	0.0000	0.0000	0.0000	0.0000	0.0000	0.0000	0.0000	0.0000	0.0000	0.0000	0
185	51 caa	0.0054	0.3784	0.0270	0.0108	0.0216	0.0216	0.0108	0.0486	0.0270	0.2865	0.0378	0.0108	0.0000	0.0108	0.0000	0.0000	0.0162	0.0432	0.0054	0.0054	0.0324	185
5417	52 att	0.0037	0.0013	0.0007	0.0002	0.0004	0.0011	0.0000	0.0000	0.0002	0.0000	0.0002	0.8348	0.0000	0.0004	0.0002	0.0006	0.0140	0.0000	0.0000	0.0113	0.1311	5417
36609	53 cac	0.0685	0.1099	0.0584	0.0385	0.0148	0.0408	0.0238	0.0206	0.0342	0.0293	0.1038	0.0784	0.0406	0.0448	0.0418	0.0214	0.0471	0.0546	0.0458	0.0401	0.0427	36609
0	54 tcc	0.0000	0.0000	0.0000	0.0000	0.0000	0.0000	0.0000	0.0000	0.0000	0.0000	0.0000	0.0000	0.0000	0.0000	0.0000	0.0000	0.0000	0.0000	0.0000	0.0000	0.0000	0
25601	55 att	0.0114	0.5415	0.0225	0.0005	0.0005	0.0015	0.0866	0.0010	0.0003	0.0164	0.0302	0.0526	0.0032	0.0480	0.0001	0.0001	0.1558	0.0262	0.0000	0.0005	0.0012	25601
11543	56 tcc	0.0012	0.0011	0.8706	0.0149	0.0000	0.0002	0.0000	0.0059	0.0002	0.0002	0.0019	0.0002	0.0000	0.0009	0.0003	0.0000	0.0003	0.1019	0.0000	0.0000	0.0003	11543
47032	57 gag	0.0386	0.1719	0.0755	0.0369	0.0089	0.0315	0.0247	0.0142	0.0388	0.0278	0.1140	0.0552	0.0076	0.0616	0.0300	0.0188	0.1062	0.0549	0.0284	0.0137	0.0407	47032
21802	58 aga	0.1071	0.1199	0.0821	0.0622	0.0071	0.0524	0.0097	0.0025	0.0368	0.0171	0.1242	0.0683	0.0331	0.0650	0.0052	0.0331	0.0658	0.0554	0.0024	0.0028	0.0476	21802
72877	59 att	0.0060	0.0207	0.0001	0.0000	0.0000	0.0000	0.0000	0.0002	0.0000	0.0000	0.0006	0.9651	0.0001	0.0002	0.0007	0.0000	0.0053	0.0000	0.0008	0.0000	0.0000	72877
3676	60 ttg	0.0783	0.3814	0.0207	0.0033	0.0014	0.0365	0.1529	0.0169	0.0033	0.0073	0.0212	0.0242	0.0639	0.0112	0.0000	0.0011	0.1344	0.0169	0.0057	0.0008	0.0188	3676
1155	61 tct	0.0087	0.2268	0.2649	0.0087	0.0017	0.0000	0.0831	0.0043	0.0104	0.0000	0.1065	0.0000	0.0000	0.0372	0.0000	0.0095	0.0216	0.0251	0.0909	0.0095	0.0909	1155
142322	62 acc	0.0134	0.0748	0.0804	0.0306	0.0017	0.0146	0.0096	0.0165	0.0171	0.0149	0.1108	0.0322	0.0086	0.2535	0.0080	0.0256	0.0739	0.0784	0.0141	0.0225	0.0990	142322
39400	63 tac	0.0000	0.0012	0.0005	0.9467	0.0002	0.0001	0.0001	0.0141	0.0002	0.0004	0.0002	0.0001	0.0000	0.0035	0.0002	0.0000	0.0002	0.0316	0.0001	0.0001	0.0007	39400
15375	64 ctc	0.0540	0.1534	0.0976	0.0876	0.0156	0.0199	0.0373	0.0360	0.0367	0.0270	0.0648	0.0287	0.0400	0.0763	0.0073	0.0376	0.0582	0.0422	0.0027	0.0278	0.0493	15375
20567	65 ggc	0.0155	0.1331	0.1808	0.0231	0.0210	0.0375	0.0193	0.0815	0.0447	0.0406	0.0891	0.0268	0.0033	0.0287	0.0361	0.0159	0.0282	0.0792	0.0211	0.0186	0.0560	20567
23086	66 agg	0.0428	0.1062	0.0512	0.0131	0.0178	0.0290	0.0144	0.1192	0.0337	0.0216	0.2125	0.0425	0.0680	0.0430	0.0118	0.0287	0.0643	0.0259	0.0220	0.0136	0.0185	23086
25238	67 agc	0.0305	0.0763	0.0524	0.0223	0.0017	0.0255	0.0134	0.1143	0.0467	0.0356	0.1079	0.0519	0.0090	0.0410	0.0426	0.0367	0.0863	0.0556	0.0180	0.0306	0.1016	25238
29296	68 gca	0.0187	0.1784	0.1032	0.0380	0.0054	0.0191	0.0160	0.1406	0.0227	0.0436	0.1103	0.0182	0.0120	0.0470	0.0161	0.0323	0.0289	0.0556	0.0356	0.0158	0.0425	29296
47108	69 gaa	0.0567	0.0474	0.0755	0.0238	0.0002	0.0590	0.0275	0.0866	0.0048	0.0219	0.0404	0.0845	0.0000	0.2221	0.0495	0.0685	0.0243	0.0077	0.0025	0.0412	0.0557	47108
1557	70 ccc	0.0006	0.0019	0.0000	0.0006	0.0013	0.4239	0.0006	0.2280	0.0295	0.0006	0.0006	0.0006	0.0006	0.0013	0.0006	0.0000	0.0006	0.0006	0.0000	0.0019	0.3057	1557
11985	71 gtc	0.0174	0.0921	0.0804	0.0201	0.0071	0.0291	0.0059	0.1111	0.0118	0.0399	0.1079	0.0501	0.0129	0.0259	0.0506	0.0315	0.1004	0.0618	0.0361	0.0281	0.0795	11985
16320	72 ccc	0.0279	0.1030	0.1056	0.0305	0.0177	0.0187	0.0232	0.0781	0.0373	0.0244	0.0881	0.0527	0.0206	0.0463	0.0184	0.0335	0.0799	0.0702	0.0141	0.0360	0.0738	16320
33216	73 ttg	0.0047	0.1108	0.1520	0.0090	0.0011	0.0138	0.0013	0.0179	0.1553	0.0345	0.0145	0.0575	0.0003	0.0406	0.1036	0.0003	0.1337	0.0218	0.0842	0.0001	0.0431	33216
28530	74 caa	0.0193	0.0846	0.1063	0.0312	0.0074	0.0233	0.0257	0.0657	0.0291	0.0287	0.0767	0.0586	0.0134	0.1321	0.0427	0.0693	0.0577	0.0178	0.0160	0.0318	0.0627	28530
23883	75 ttg	0.0362	0.0207	0.0018	0.0702	0.0016	0.3000	0.0162	0.0862	0.0159	0.0001	0.0185	0.0311	0.0554	0.1469	0.0004	0.0002	0.0598	0.1265	0.0108	0.0002	0.0011	23883
1201	76 cct	0.0058	0.3838	0.0017	0.0025	0.0125	0.0208	0.0000	0.2248	0.0000	0.0117	0.0100	0.1724	0.0216	0.0025	0.0000	0.0000	0.0958	0.0266	0.0025	0.0017	0.0033	1201
93	77 cca	0.0000	0.1720	0.1183	0.0000	0.0000	0.0108	0.0000	0.0538	0.0000	0.0215	0.1075	0.0860	0.0000	0.0538	0.0538	0.0000	0.0860	0.0860	0.0000	0.0000	0.1505	93
1531	78 ttg	0.1143	0.2704	0.0118	0.0118	0.0294	0.0098	0.0039	0.0196	0.0020	0.0065	0.0405	0.0751	0.0366	0.0065	0.0052	0.0046	0.2926	0.0157	0.0072	0.0274	0.0091	1531
58	79 gaa	0.0000	0.0172	0.0862	0.0690	0.0172	0.0517	0.0000	0.0172	0.0172	0.0862	0.0690	0.0690	0.0517	0.0172	0.0172	0.0517	0.0690	0.0517	0.0172	0.0517	0.1724	58
101	80 cgg	0.0000	0.0297	0.0495	0.0297	0.0000	0.0594	0.0099	0.0198	0.0297	0.0099	0.1188	0.0297	0.0099	0.0693	0.0396	0.1287	0.1287	0.0792	0.0396	0.0396	0.0792	101
52082	81 ttg	0.0048	0.6878	0.0042	0.0015	0.0065	0.0445	0.0008	0.0033	0.0013	0.0023	0.0022	0.1759	0.0300	0.0020	0.0009	0.0011	0.0192	0.0064	0.0005	0.0015	0.0033	52082
15777	82 aca	0.0388	0.1019	0.0904	0.0261	0.0113	0.0322	0.0235	0.0131	0.0292	0.0094	0.0564	0.0477	0.0174	0.0823	0.0300	0.0207	0.0657	0.0581	0.0397	0.0202	0.1860	15777
23327	83 ttg	0.2381	0.2669	0.0055	0.0003	0.0013	0.0992	0.0012	0.0014	0.0029	0.0003	0.0038	0.0830	0.0433	0.0081	0.0020	0.0005	0.2382	0.0021	0.0003	0.0007	0.0012	23327
19034	84 gac	0.0294	0.1160	0.1038	0.0165	0.0069	0.0195	0.0116	0.0624	0.0309	0.0254	0.1070	0.0374	0.0153	0.0671	0.0311	0.0231	0.0623	0.0779	0.0169	0.0409	0.0987	19034
27791	85 tgc	0.0316	0.0746	0.0979	0.0237	0.0150	0.0329	0.0128	0.0625	0.0301	0.0238	0.1109	0.0343	0.0113	0.0533	0.0069	0.0600	0.0633	0.0714	0.0303	0.0517	0.1019	27791
49780	86 aac	0.0098	0.0578	0.0549	0.0142	0.0567	0.0052	0.0075	0.0861	0.0628	0.0278	0.1050	0.0358	0.0167	0.0521	0.0671	0.0252	0.0723	0.0581	0.0575	0.0418	0.0855	49780
96731	87 gaa	0.0288	0.0947	0.0814	0.0207	0.0231	0.0316	0.0243	0.1352	0.0559	0.0237	0.0712	0.0330	0.0122	0.0610	0.0114	0.0173	0.0610	0.0477	0.0300	0.0364	0.0994	96731
104152	88 gac	0.0429	0.1015	0.0542	0.0232	0.0519	0.0261	0.0046	0.1273	0.0347	0.0496	0.0630	0.0492	0.0113	0.0645	0.0208	0.0199	0.0527	0.0593	0.0439	0.0388	0.0607	104152
53150	89 tgc	0.0378	0.0993	0.1215	0.0634	0.0858	0.0021	0.0572	0.1053	0.0962	0.0315	0.1132	0.0129	0.0012	0.0577	0.0037	0.0152	0.0114	0.0217	0.0077	0.0151	0.0400	53150
54561	90 ggg	0.0155	0.1093	0.0960	0.0347	0.0456	0.0167	0.0058	0.1320	0.0186	0.0443	0.0645	0.0715	0.0178	0.0646	0.0305	0.0358	0.0385	0.0519	0.0129	0.0392	0.0540	54561
13095	91 acg	0.0009	0.1243	0.0870	0.0163	0.0011	0.0011	0.0025	0.0386	0.0264	0.0961	0.0667	0.0160	0.0008	0.0891	0.0006	0.0272	0.0739	0.0577	0.0778	0.0981	0.0975	13095
51860	92 agc	0.0008	0.0322	0.1661	0.0167	0.0002	0.0433	0.0003	0.1082	0.0208	0.0010	0.0735	0.0856	0.1203	0.0193	0.0100	0.0130	0.0354	0.1567	0.0070	0.0300	0.0596	51860
29264	93 ggc	0.0247	0.1100	0.0748	0.0132	0.0382	0.0225	0.0080	0.0712	0.0142	0.0341	0.0826	0.0534	0.0083	0.0855	0.0210	0.0433	0.1104	0.0415	0.0410	0.0287	0.0733	29264
85918	94 acc	0.0132	0.0915	0.0945	0.0165	0.0147	0.0123	0.0109	0.1589	0.0371	0.0165	0.1238	0.0723	0.0167	0.0442	0.0391	0.0124	0.0619	0.0852	0.0194	0.0055	0.0535	85918
72467	95 caa	0.0258	0.0218	0.0828	0.0568	0.0179	0.1175	0.0005	0.0631	0.0176	0.0289	0.1131	0.0758	0.0055	0.0792	0.0213	0.0683	0.0377	0.0331	0.0569	0.0349	0.0415	72467
56848	96 gga	0.0127	0.0197	0.0613	0.0230	0.0471	0.0738	0.0011	0.0969	0.0329	0.0135	0.1679	0.0360	0.0003	0.0138	0.0537	0.0757	0.1122	0.0673	0.0090	0.0232	0.0588	56848
50705	97 gtt	0.0071	0.0918	0.0308	0.0247	0.1079	0.0420	0.0270	0.0627	0.0319	0.0169	0.0887	0.0265	0.0105	0.0787	0.0152	0.0484	0.0569	0.0570	0.0467	0.0553	0.0732	50705
79601	98 ggc	0.0153	0.0616	0.0592	0.0153	0.0407	0.0060	0.0050	0.0356	0.0182	0.0199	0.0466	0.0198	0.0038	0.0639	0.0272	0.0438	0.3780	0.0569	0.0144	0.0263	0.0426	79601
92955	99 tct	0.0479	0.0678	0.0556	0.0307	0.1950	0.0139	0.0344	0.0379	0.0409	0.0354	0.1017	0.0534	0.0024	0.0218	0.0081	0.0247	0.0458	0.0614	0.0291	0.0267	0.0655	92955
37469	100 ccc	0.1025	0.0042	0.0376	0.0102	0.1367	0.0211	0.0002	0.0441	0.0016	0.0847	0.0636	0.0740	0.0042	0.0558	0.0005	0.1322	0.0599	0.0308	0.0189	0.0222	0.0951	37469
40594	101 cag	0.0007	0.1268	0.0483	0.0031	0.0157	0.0442	0.0076	0.0469	0.0355	0.0134	0.3634	0.0193	0.0079	0.0284	0.0021	0.0119	0.0592	0.0728	0.0107	0.0112	0.0710	40594
173	102 atc	0.0405	0.0925	0.0925	0.0462	0.0578	0.0289	0.0000	0.0751	0.0405	0.0405	0.0694	0.0347	0.0058	0.0867	0.0231	0.0578	0.0173	0.0636	0.0405	0.0405	0.0462	173
87822	103 ctc	0.0080	0.0367	0.0215	0.0000	0.4134	0.0299	0.0330	0.0163	0.0137	0.0196	0.0905	0.0622	0.0146	0.0396	0.0064	0.0249	0.0161	0.0363	0.0129	0.0244	0.0799	87822
24627	104 gtc	0.0112	0.1175	0.0443	0.0174	0.0307	0.0138	0.0097	0.0916	0.0465	0.0158	0.1560	0.0433	0.0187	0.0452	0.0175	0.0784	0.0593	0.0438	0.0312	0.0309	0.0773	24627
1636	105 gag	0.0348	0.0672	0.1204	0.0648	0.0336	0.0177	0.0061	0.0501	0.0079	0.0257	0.0336	0.0336	0.0006	0.0147	0.0024	0.0049	0.0819	0.0226	0.0067	0.3001	0.0703	1636
81	106 agc	0.0000	0.0864	0.1358	0.0988	0.0370	0.0617	0.0000	0.0000	0.0247	0.0000	0.0864	0.0000	0.0000	0.0494	0.0988	0.0123	0.0123	0.1481	0.0123	0.1358	0.0000	81
28170	107 ccc	0.0197	0.0967	0.0716	0.0398	0.2579	0.0205	0.0062	0.0458	0.0498	0.0440	0.0756	0.0896	0.0055	0.0047	0.0354	0.0429	0.0244	0.0179	0.0235	0.0103	0.0183	28170
22872	108 acc	0.0077	0.0481	0.0658	0.0085	0.1076	0.0171	0.0021	0.0331	0.0856	0.0214	0.1522	0.0391	0.0203	0.0888	0.0324	0.1172	0.0084	0.0481	0.0340	0.0264	0.0360	22872
38536	109 gtg	0.0023	0.0738	0.0222	0.0059	0.2363	0.0024	0.0000	0.0039	0.0043	0.0152	0.0120	0.0951	0.0000	0.0918	0.0123	0.0955	0.0491	0.0562	0.0706	0.1420	0.0090	38536
36793	110 ctc	0.0203	0.1883	0.0546	0.0283	0.0988	0.0931	0.0093	0.0904	0.0277	0.0393	0.0210	0.0465	0.0011	0.0142	0.0883	0.0496	0.0470	0.0351	0.0081	0.0286	0.0106	36793
8960	111 gaa	0.0858	0.1843	0.0070	0.0206	0.0166	0.0257	0.0039	0.0182	0.0089	0.0008	0.0150	0.2141	0.0001	0.0067	0.0360	0.0050	0.0733	0.0007	0.0371	0.2395	0.0007	8960
31117	112 agc	0.0049	0.1238	0.1112	0.0058	0.0013	0.1932	0.0020	0.0711	0.0231	0.0335	0.0129	0.0768	0.0008	0.0580	0.1536	0.0471	0.0302	0.0244	0.0001	0.0055	0.0207	31117
38730	113 ggc	0.0150	0.1445	0.0251	0.0156	0.0524	0.0126	0.0007	0.1817	0.0616	0.0095	0.1013	0.0196	0.0162	0.0604	0.0248	0.0494	0.0570	0.0787	0.0040	0.0124	0.0576	38730
12121	114 acc	0.0150	0.1687	0.0396	0.0057	0.0497	0.0391	0.0153	0.1070	0.0457	0.0667	0.1077	0.0003	0.0068	0.0577	0.0121	0.1263	0.0417	0.0516	0.0384	0.0007	0.0041	12121
92828	115 aag	0.0014	0.1501	0.0425	0.0058	0.1024	0.0710	0.0190	0.0977	0.0279	0.0203	0.1600	0.0407	0.0101	0.0713	0.0014	0.0560	0.0088	0.0231	0.0029	0.0269	0.0606	92828
89373	116 gag	0.0955	0.0720	0.0386	0.0132	0.0208	0.0651	0.0029	0.0650	0.1160	0.0425	0.0231	0.0787	0.0034	0.0268	0.0422	0.0314	0.1133	0.1171	0.0009	0.0099	0.0215	89373
