		F	L	S	Y	*	C	W	P	H	Q	R	I	M	T	N	K	V	A	D	E	G	
25	1 atg	0.0000	0.0000	0.0400	0.0400	0.0400	0.0000	0.0000	0.0000	0.0000	0.0000	0.0400	0.0000	0.7200	0.0000	0.0000	0.0800	0.0400	0.0000	0.0000	0.0000	0.0000	25
371	2 gct	0.0620	0.0889	0.0431	0.0162	0.0485	0.0431	0.0108	0.0323	0.0108	0.0377	0.0458	0.0431	0.0135	0.0377	0.0108	0.0943	0.0566	0.1402	0.0162	0.0323	0.1159	371
1070	3 ggc	0.0178	0.0748	0.0720	0.0252	0.0056	0.0196	0.0140	0.1617	0.0402	0.0308	0.1009	0.0664	0.0037	0.0355	0.0075	0.0617	0.0495	0.0626	0.0336	0.0290	0.0879	1070
628	4 cgg	0.0159	0.1863	0.2054	0.0000	0.0000	0.0143	0.0048	0.0223	0.0016	0.0000	0.2197	0.0701	0.0000	0.0000	0.0287	0.0000	0.0589	0.1290	0.0000	0.0000	0.0430	628
7651	5 tct	0.0161	0.1145	0.0580	0.0110	0.0018	0.0857	0.0037	0.0565	0.0555	0.0050	0.1277	0.0426	0.0106	0.0880	0.0267	0.0735	0.0565	0.0187	0.0090	0.0293	0.1098	7651
172	6 ggc	0.0000	0.0116	0.0116	0.0000	0.0000	0.0000	0.0000	0.0058	0.0000	0.0000	0.0465	0.0000	0.0000	0.0058	0.0000	0.0000	0.0116	0.0291	0.0058	0.0233	0.8488	172
5113	7 gat	0.0037	0.0671	0.1394	0.1494	0.0000	0.0002	0.0270	0.0692	0.0012	0.0010	0.1766	0.0002	0.0004	0.0117	0.0002	0.0010	0.0686	0.0360	0.0108	0.0377	0.1985	5113
1370	8 tct	0.0036	0.0241	0.9474	0.0000	0.0015	0.0000	0.0000	0.0015	0.0007	0.0022	0.0015	0.0015	0.0000	0.0139	0.0000	0.0000	0.0007	0.0007	0.0007	0.0000	0.0000	1370
1568	9 gat	0.0153	0.0651	0.0651	0.0485	0.0006	0.0032	0.0000	0.0204	0.0287	0.0089	0.0077	0.0166	0.0019	0.1263	0.0529	0.0026	0.0644	0.0172	0.3941	0.0140	0.0466	1568
9683	10 gag	0.0078	0.0199	0.0299	0.0418	0.0004	0.0692	0.0001	0.1859	0.0007	0.0229	0.1609	0.0117	0.0320	0.1154	0.0039	0.0671	0.0071	0.0757	0.0408	0.0283	0.0783	9683
2357	11 gaa	0.0403	0.0573	0.0878	0.0259	0.0174	0.0174	0.0191	0.1048	0.0382	0.0119	0.1392	0.0344	0.0242	0.0496	0.0327	0.0284	0.0310	0.1430	0.0042	0.0322	0.0611	2357
275	12 ttg	0.0000	0.8982	0.0218	0.0073	0.0145	0.0036	0.0036	0.0036	0.0000	0.0000	0.0036	0.0036	0.0109	0.0000	0.0036	0.0000	0.0109	0.0036	0.0000	0.0000	0.0109	275
3272	13 att	0.0168	0.1485	0.0639	0.0208	0.0125	0.0257	0.0315	0.0156	0.0749	0.0721	0.1433	0.0645	0.0046	0.0596	0.0593	0.0104	0.0257	0.0691	0.0049	0.0128	0.0636	3272
16620	14 cgg	0.0573	0.2159	0.0790	0.0468	0.0005	0.0001	0.0171	0.0078	0.0281	0.0128	0.0749	0.0832	0.0001	0.1532	0.0048	0.0197	0.1207	0.0585	0.0000	0.0064	0.0131	16620
10	15 acc	0.0000	0.0000	0.0000	0.0000	0.0000	0.0000	0.0000	0.0000	0.0000	0.0000	0.0000	0.0000	0.0000	1.0000	0.0000	0.0000	0.0000	0.0000	0.0000	0.0000	0.0000	10
16470	16 gtg	0.0034	0.1108	0.0004	0.0014	0.0005	0.0103	0.0472	0.0041	0.0061	0.0000	0.0011	0.0196	0.0023	0.0217	0.0006	0.0000	0.6809	0.0888	0.0001	0.0002	0.0003	16470
96	17 cgg	0.0312	0.1563	0.0729	0.0000	0.0208	0.0208	0.0104	0.0208	0.0417	0.0104	0.3750	0.0000	0.0208	0.0104	0.0208	0.0104	0.0000	0.1250	0.0104	0.0312	0.0104	96
16156	18 ttg	0.0322	0.2905	0.0334	0.0053	0.0074	0.0753	0.0105	0.0093	0.0049	0.0116	0.0033	0.1339	0.0190	0.0974	0.0008	0.0033	0.1252	0.1345	0.0002	0.0014	0.0005	16156
11827	19 att	0.0024	0.3878	0.0060	0.0008	0.0017	0.0129	0.0000	0.0031	0.0035	0.0276	0.0057	0.2399	0.0042	0.0020	0.0008	0.0014	0.2939	0.0020	0.0003	0.0002	0.0039	11827
88	20 aaa	0.0000	0.0227	0.0227	0.0000	0.0000	0.0114	0.0000	0.0341	0.0000	0.0000	0.0114	0.0000	0.0114	0.0227	0.0114	0.8182	0.0000	0.0227	0.0000	0.0114	0.0000	88
19246	21 ttg	0.0157	0.4833	0.0336	0.0196	0.0060	0.0211	0.0189	0.0023	0.0354	0.0113	0.0820	0.0163	0.0194	0.0255	0.0121	0.0198	0.0462	0.0352	0.0176	0.0098	0.0688	19246
1330	22 ttg	0.1594	0.4429	0.0008	0.0000	0.0000	0.0000	0.0000	0.0000	0.0000	0.0000	0.0398	0.0120	0.0000	0.0030	0.0008	0.0008	0.1774	0.1391	0.0218	0.0015	0.0008	1330
1322	23 tac	0.9735	0.0000	0.0000	0.0182	0.0008	0.0000	0.0008	0.0000	0.0023	0.0008	0.0000	0.0008	0.0000	0.0000	0.0000	0.0000	0.0000	0.0030	0.0000	0.0000	0.0000	1322
895	24 cag	0.0000	0.0000	0.0000	0.0000	0.0022	0.0011	0.0022	0.0000	0.0000	0.3788	0.0000	0.0000	0.0000	0.0000	0.0134	0.0011	0.0011	0.0000	0.0000	0.0011	0.5989	895
1935	25 tct	0.0057	0.0269	0.7788	0.0031	0.0083	0.0103	0.0047	0.0202	0.0093	0.0047	0.0429	0.0047	0.0047	0.0088	0.0036	0.0052	0.0150	0.0222	0.0047	0.0052	0.0114	1935
10451	26 aat	0.0353	0.2801	0.0713	0.0007	0.0015	0.0114	0.0308	0.0024	0.0552	0.0184	0.0146	0.1023	0.0683	0.0275	0.0709	0.0048	0.1366	0.0103	0.0320	0.0072	0.0185	10451
37640	27 cct	0.0001	0.1138	0.0337	0.0004	0.0004	0.0550	0.0547	0.0463	0.0175	0.0166	0.0832	0.1289	0.0001	0.0036	0.0002	0.0409	0.0757	0.0303	0.0014	0.0717	0.2255	37640
31921	28 ccc	0.2665	0.0318	0.0542	0.1393	0.0012	0.0475	0.0491	0.0244	0.0730	0.0178	0.0512	0.0102	0.0006	0.0266	0.0105	0.0167	0.0372	0.0291	0.0136	0.0434	0.0563	31921
25139	29 cct	0.0027	0.1025	0.0438	0.0100	0.0008	0.0345	0.0180	0.4351	0.0235	0.0257	0.0339	0.0249	0.0123	0.0774	0.0253	0.0070	0.0235	0.0486	0.0039	0.0142	0.0325	25139
27483	30 aat	0.0014	0.0234	0.0784	0.0082	0.0057	0.0059	0.0043	0.0762	0.0373	0.0332	0.0794	0.0080	0.0154	0.1052	0.0846	0.0220	0.0319	0.0979	0.0726	0.0943	0.1149	27483
24720	31 cct	0.0156	0.0695	0.0597	0.0348	0.0064	0.0303	0.0045	0.1671	0.0585	0.0225	0.0519	0.0458	0.0078	0.0622	0.0275	0.0101	0.0919	0.1304	0.0152	0.0360	0.0524	24720
25161	32 gaa	0.0126	0.0793	0.0657	0.0551	0.0002	0.0002	0.0001	0.0065	0.0591	0.0074	0.0887	0.0083	0.0012	0.0647	0.2011	0.0112	0.0701	0.0680	0.0002	0.1703	0.0300	25161
36186	33 gga	0.0000	0.0370	0.0206	0.0001	0.0012	0.3672	0.0086	0.0006	0.0001	0.0002	0.0009	0.0200	0.0003	0.0379	0.0024	0.0018	0.0137	0.1345	0.0002	0.0017	0.3510	36186
47261	34 aca	0.0000	0.0007	0.0480	0.0000	0.0001	0.0000	0.0000	0.6513	0.0003	0.0034	0.0224	0.0010	0.0000	0.0168	0.0085	0.0500	0.0001	0.0472	0.0152	0.0002	0.1348	47261
32207	35 agg	0.0005	0.0414	0.2700	0.0603	0.0000	0.0007	0.0001	0.0039	0.0316	0.0889	0.1336	0.0006	0.0002	0.0132	0.0030	0.1445	0.0800	0.0941	0.0002	0.0003	0.0329	32207
1757	36 caa	0.0000	0.0040	0.0051	0.0017	0.0034	0.0040	0.0000	0.0034	0.0023	0.9169	0.0034	0.0028	0.0040	0.0074	0.0028	0.0091	0.0034	0.0017	0.0017	0.0017	0.0211	1757
17904	37 gca	0.0000	0.0370	0.0403	0.0001	0.0003	0.0006	0.0002	0.0007	0.0003	0.0014	0.1739	0.0003	0.0000	0.4229	0.0746	0.0003	0.1213	0.0553	0.0023	0.0003	0.0680	17904
258	38 agg	0.0000	0.0000	0.0000	0.0000	0.0039	0.0000	0.0000	0.0039	0.0000	0.0000	0.9690	0.0000	0.0000	0.0078	0.0000	0.0000	0.0000	0.0000	0.0078	0.0039	0.0039	258
2050	39 cgc	0.0000	0.0034	0.0176	0.0000	0.0000	0.0010	0.0000	0.0000	0.0020	0.0000	0.9683	0.0005	0.0000	0.0000	0.0000	0.0005	0.0000	0.0024	0.0000	0.0000	0.0044	2050
11260	40 aac	0.0000	0.0000	0.0006	0.0000	0.0001	0.0001	0.0138	0.0003	0.0009	0.0002	0.3837	0.0007	0.0002	0.0027	0.3049	0.0010	0.0009	0.2846	0.0001	0.0036	0.0018	11260
248	41 cgg	0.0040	0.0242	0.0081	0.0040	0.0000	0.0000	0.0000	0.0081	0.0121	0.0040	0.5565	0.0040	0.0000	0.1452	0.0040	0.0081	0.0000	0.0040	0.0605	0.1411	0.0121	248
35825	42 cgc	0.0224	0.0587	0.0287	0.0214	0.0087	0.0083	0.0037	0.0011	0.0242	0.0178	0.2652	0.0760	0.0741	0.0222	0.0427	0.0881	0.1087	0.0850	0.0039	0.0115	0.0277	35825
23	43 cgg	0.0000	0.0000	0.0000	0.0000	0.0000	0.0000	0.0000	0.0000	0.0000	0.0000	0.9130	0.0000	0.0000	0.0000	0.0000	0.0000	0.0000	0.0000	0.0000	0.0000	0.0870	23
32944	44 cgc	0.0023	0.0049	0.0152	0.0019	0.0033	0.0159	0.0013	0.0077	0.0009	0.0316	0.7000	0.0015	0.0203	0.0044	0.0049	0.0032	0.0196	0.1104	0.0022	0.0037	0.0445	32944
661	45 tgg	0.0000	0.0000	0.0030	0.0015	0.0030	0.0030	0.9592	0.0000	0.0000	0.0015	0.0030	0.0061	0.0015	0.0015	0.0030	0.0045	0.0000	0.0030	0.0030	0.0015	0.0015	661
637	46 cgc	0.0251	0.0047	0.0031	0.0110	0.0016	0.0078	0.0000	0.0157	0.0016	0.0000	0.6641	0.0738	0.0000	0.0220	0.0016	0.0000	0.0000	0.1648	0.0000	0.0000	0.0031	637
53107	47 gaa	0.0008	0.0695	0.0407	0.0000	0.0008	0.0180	0.0004	0.0005	0.0066	0.0008	0.4130	0.1403	0.0001	0.0036	0.0000	0.0004	0.0011	0.0001	0.0000	0.0017	0.3014	53107
18800	48 aga	0.0021	0.0896	0.0568	0.0710	0.0001	0.0401	0.0004	0.0024	0.0203	0.0000	0.1332	0.0552	0.0546	0.0818	0.0004	0.0821	0.2365	0.0537	0.0004	0.0000	0.0195	18800
56426	49 caa	0.0125	0.0411	0.1553	0.0116	0.0001	0.0832	0.0015	0.0014	0.0038	0.0031	0.0657	0.0402	0.0183	0.0430	0.0029	0.0139	0.0218	0.0836	0.2649	0.0388	0.0931	56426
33242	50 cgg	0.0184	0.0997	0.1482	0.0504	0.0001	0.0181	0.0001	0.0015	0.0281	0.0272	0.0319	0.0603	0.0060	0.1339	0.0439	0.1290	0.0630	0.1050	0.0001	0.0114	0.0238	33242
828	51 caa	0.0072	0.0072	0.0024	0.0000	0.0012	0.0012	0.0000	0.0109	0.0024	0.9384	0.0012	0.0060	0.0000	0.0036	0.0024	0.0024	0.0048	0.0060	0.0024	0.0000	0.0000	828
397	52 att	0.0101	0.1209	0.0000	0.0000	0.0000	0.0000	0.0000	0.0000	0.0000	0.0000	0.0000	0.8615	0.0000	0.0000	0.0000	0.0000	0.0025	0.0025	0.0000	0.0025	0.0000	397
39766	53 cac	0.0522	0.1137	0.0760	0.0461	0.0064	0.0327	0.0236	0.0189	0.0420	0.0349	0.0924	0.0446	0.0239	0.0546	0.0191	0.0185	0.0430	0.0575	0.0621	0.0733	0.0645	39766
46491	54 tcc	0.0289	0.1382	0.1100	0.0153	0.0168	0.0411	0.0104	0.0112	0.0370	0.0286	0.0868	0.0984	0.0040	0.0596	0.0290	0.0338	0.0969	0.0608	0.0092	0.0210	0.0631	46491
24	55 att	0.0000	0.0000	0.0000	0.0000	0.0000	0.0000	0.0000	0.0000	0.0000	0.0000	0.0000	1.0000	0.0000	0.0000	0.0000	0.0000	0.0000	0.0000	0.0000	0.0000	0.0000	24
44247	56 tcc	0.0000	0.0364	0.0202	0.0079	0.0002	0.0010	0.0000	0.0028	0.0000	0.0000	0.0006	0.0001	0.0000	0.0107	0.0000	0.0000	0.0005	0.9193	0.0001	0.0000	0.0001	44247
14352	57 gag	0.0344	0.1872	0.0864	0.0502	0.0099	0.0389	0.0067	0.0156	0.0416	0.0242	0.1014	0.0714	0.0176	0.0741	0.0142	0.0157	0.0779	0.0414	0.0399	0.0145	0.0368	14352
51971	58 aga	0.0476	0.1271	0.1054	0.0821	0.0068	0.0133	0.0039	0.0043	0.0330	0.0294	0.1010	0.0939	0.0263	0.0337	0.0150	0.0269	0.1045	0.0956	0.0005	0.0048	0.0450	51971
31962	59 att	0.1247	0.4065	0.0023	0.0062	0.0001	0.0004	0.0007	0.0003	0.0001	0.0003	0.1037	0.2567	0.0007	0.0003	0.0006	0.0064	0.0860	0.0027	0.0000	0.0003	0.0012	31962
575	60 ttg	0.0174	0.6591	0.0035	0.0000	0.0209	0.0330	0.1200	0.0035	0.0017	0.0070	0.0087	0.0035	0.0087	0.0052	0.0000	0.0000	0.0991	0.0087	0.0000	0.0000	0.0000	575
5825	61 tct	0.0024	0.0874	0.0570	0.0103	0.0002	0.0249	0.0062	0.0067	0.0034	0.0518	0.2939	0.0191	0.0010	0.2604	0.0012	0.0503	0.0330	0.0227	0.0074	0.0388	0.0220	5825
42722	62 acc	0.0187	0.0896	0.0861	0.0114	0.0264	0.0365	0.0251	0.0195	0.0312	0.0168	0.1445	0.0302	0.0176	0.0736	0.0116	0.0329	0.0732	0.0737	0.0296	0.0379	0.1139	42722
55258	63 tac	0.0204	0.3763	0.0777	0.0100	0.0238	0.0006	0.0002	0.0269	0.0225	0.0040	0.1010	0.0078	0.0021	0.0253	0.0177	0.1043	0.0147	0.0369	0.0002	0.0021	0.1255	55258
75514	64 ctc	0.0362	0.1453	0.1085	0.0931	0.0158	0.0178	0.0291	0.0331	0.0471	0.0199	0.0826	0.0470	0.0396	0.0422	0.0187	0.0209	0.0518	0.0421	0.0054	0.0375	0.0663	75514
45616	65 ggc	0.0121	0.0888	0.1684	0.0349	0.0058	0.0275	0.0150	0.0997	0.0565	0.0239	0.0975	0.0392	0.0067	0.0406	0.0245	0.0143	0.0258	0.1136	0.0262	0.0224	0.0566	45616
41907	66 agg	0.0349	0.1551	0.0744	0.0186	0.0133	0.0332	0.0312	0.1014	0.0343	0.0324	0.1174	0.0635	0.0372	0.0452	0.0176	0.0457	0.0575	0.0205	0.0072	0.0183	0.0411	41907
19842	67 agc	0.0084	0.1140	0.0567	0.0358	0.0033	0.0183	0.0177	0.1025	0.0408	0.0358	0.1463	0.0361	0.0123	0.0565	0.0316	0.0778	0.0480	0.0506	0.0173	0.0326	0.0574	19842
165811	68 gca	0.0151	0.1700	0.1407	0.0140	0.0012	0.0281	0.0024	0.1387	0.0276	0.0196	0.0905	0.0241	0.0081	0.0391	0.0280	0.0533	0.0510	0.0956	0.0072	0.0147	0.0311	165811
90910	69 gaa	0.0640	0.0521	0.0374	0.0752	0.0099	0.0264	0.0223	0.0573	0.1131	0.0277	0.1457	0.0676	0.0360	0.0394	0.0188	0.0615	0.0275	0.0114	0.0073	0.0227	0.0767	90910
318	70 ccc	0.0094	0.0126	0.0031	0.0000	0.0031	0.0031	0.0063	0.8333	0.0126	0.0063	0.0220	0.0094	0.0031	0.0126	0.0031	0.0126	0.0063	0.0126	0.0126	0.0063	0.0094	318
27857	71 gtc	0.0277	0.1215	0.0788	0.0391	0.0045	0.0405	0.0055	0.0759	0.0143	0.0384	0.0812	0.0373	0.0120	0.0509	0.0216	0.0498	0.0708	0.0541	0.0416	0.0613	0.0730	27857
44028	72 ccc	0.0366	0.0950	0.0773	0.0221	0.0085	0.0398	0.0107	0.0783	0.0670	0.0323	0.1007	0.0271	0.0112	0.0294	0.0122	0.0463	0.0921	0.0636	0.0238	0.0326	0.0934	44028
24840	73 ttg	0.0325	0.1254	0.0903	0.0060	0.0206	0.0533	0.0070	0.0122	0.0167	0.0139	0.0976	0.0252	0.0191	0.0251	0.0635	0.0509	0.1117	0.0262	0.0599	0.0335	0.1094	24840
15757	74 caa	0.0192	0.0922	0.0749	0.0386	0.0032	0.0335	0.0069	0.0737	0.0447	0.0482	0.0994	0.0516	0.0084	0.0711	0.0219	0.0593	0.0699	0.0281	0.0203	0.0340	0.1008	15757
48201	75 ttg	0.0609	0.0732	0.0062	0.0231	0.0263	0.0242	0.0060	0.2828	0.0112	0.0012	0.0422	0.0164	0.0328	0.1397	0.0037	0.0003	0.1169	0.1259	0.0004	0.0012	0.0055	48201
109	76 cct	0.0092	0.0734	0.0092	0.0092	0.0000	0.0000	0.0000	0.5780	0.0000	0.0000	0.0092	0.2569	0.0000	0.0000	0.0000	0.0000	0.0183	0.0183	0.0000	0.0092	0.0092	109
159	77 cca	0.0000	0.0063	0.0126	0.0252	0.0000	0.0126	0.0000	0.0063	0.0000	0.0189	0.3396	0.0189	0.0000	0.0252	0.0126	0.0314	0.3019	0.0566	0.0440	0.0881	0.0000	159
183	78 ttg	0.0765	0.2896	0.0328	0.0055	0.0109	0.0000	0.0109	0.0000	0.0000	0.0000	0.0383	0.0984	0.0328	0.0219	0.0328	0.0055	0.2732	0.0601	0.0000	0.0000	0.0109	183
94	79 gaa	0.0745	0.0319	0.0426	0.0532	0.0000	0.1170	0.0106	0.0000	0.0000	0.0532	0.0638	0.0638	0.0638	0.0532	0.0106	0.0213	0.0957	0.0638	0.0000	0.0532	0.1277	94
43	80 cgg	0.0000	0.0233	0.0930	0.0233	0.0000	0.0000	0.0000	0.0233	0.1163	0.0233	0.3023	0.0000	0.0000	0.0465	0.0698	0.0233	0.0233	0.1163	0.0465	0.0000	0.0698	43
172	81 ttg	0.0058	0.2326	0.0000	0.0000	0.0000	0.0233	0.0000	0.0000	0.0174	0.0000	0.0116	0.6802	0.0174	0.0000	0.0000	0.0000	0.0058	0.0000	0.0058	0.0000	0.0000	172
46	82 aca	0.0652	0.1957	0.1087	0.0000	0.0000	0.0217	0.0217	0.0000	0.0000	0.0652	0.0870	0.0000	0.0435	0.1304	0.0217	0.0217	0.0217	0.0435	0.0217	0.0000	0.1304	46
100	83 ttg	0.1400	0.2300	0.0000	0.0000	0.0000	0.1000	0.0100	0.0000	0.0000	0.0000	0.0200	0.1300	0.0000	0.0300	0.0000	0.0000	0.2600	0.0000	0.0000	0.0000	0.0800	100
45	84 gac	0.0000	0.0889	0.2222	0.0222	0.0444	0.0222	0.0000	0.0667	0.1111	0.0222	0.0222	0.0000	0.0000	0.0222	0.0222	0.0222	0.0444	0.1333	0.0000	0.0444	0.0889	45
37	85 tgc	0.0541	0.1622	0.0270	0.0000	0.0270	0.0000	0.0270	0.0270	0.0000	0.0000	0.1622	0.0270	0.0000	0.1351	0.0000	0.0541	0.1622	0.0000	0.0000	0.0270	0.1081	37
93	86 aac	0.0000	0.0430	0.0860	0.0108	0.0430	0.0000	0.0000	0.0860	0.0215	0.0108	0.0430	0.0215	0.0000	0.0108	0.0215	0.0538	0.0108	0.0000	0.0430	0.0215	0.4731	93
85	87 gaa	0.9059	0.0118	0.0000	0.0000	0.0000	0.0000	0.0000	0.0000	0.0118	0.0000	0.0118	0.0000	0.0000	0.0000	0.0000	0.0000	0.0118	0.0118	0.0000	0.0353	0.0000	85
85	88 gac	0.0118	0.0941	0.1176	0.0118	0.0706	0.0353	0.0235	0.0706	0.0941	0.0706	0.0118	0.0000	0.0000	0.0353	0.0000	0.0353	0.0706	0.1294	0.0706	0.0235	0.0235	85
46686	89 tgc	0.0141	0.0861	0.1724	0.0366	0.0311	0.0020	0.0023	0.0887	0.0302	0.0292	0.1074	0.0302	0.0442	0.0962	0.0333	0.0040	0.0723	0.0567	0.0148	0.0182	0.0300	46686
37644	90 ggg	0.0235	0.1092	0.0576	0.0253	0.0337	0.0198	0.0162	0.2120	0.0226	0.0265	0.0550	0.0370	0.0188	0.0775	0.0236	0.0336	0.0436	0.0410	0.0440	0.0198	0.0595	37644
103162	91 acg	0.0052	0.0588	0.1343	0.0445	0.0997	0.0005	0.0385	0.0534	0.0714	0.0203	0.1104	0.0182	0.0053	0.1210	0.0067	0.0383	0.0211	0.0647	0.0357	0.0161	0.0360	103162
65756	92 agc	0.0076	0.0105	0.3370	0.0030	0.0039	0.0027	0.0001	0.0643	0.0190	0.1362	0.0424	0.0392	0.0011	0.0409	0.0003	0.0023	0.1279	0.0349	0.0050	0.0220	0.0997	65756
47723	93 ggc	0.0253	0.1084	0.0757	0.0559	0.0395	0.0178	0.0154	0.0628	0.0109	0.0336	0.0827	0.0692	0.0092	0.1053	0.0182	0.0220	0.0853	0.0458	0.0295	0.0308	0.0567	47723
44301	94 acc	0.0086	0.0932	0.1510	0.0179	0.1445	0.0080	0.0290	0.0377	0.0216	0.0147	0.1402	0.0348	0.0229	0.0352	0.0262	0.0154	0.0503	0.0371	0.0349	0.0076	0.0691	44301
40034	95 caa	0.0622	0.0169	0.1553	0.0072	0.0197	0.0011	0.0365	0.0336	0.0051	0.0504	0.0717	0.0493	0.0015	0.0460	0.0034	0.1843	0.0713	0.0498	0.0998	0.0174	0.0174	40034
31191	96 gga	0.0145	0.0521	0.0314	0.0079	0.0242	0.0189	0.0353	0.1646	0.0096	0.0071	0.0632	0.0238	0.0013	0.0459	0.0287	0.1453	0.2066	0.0168	0.0046	0.0603	0.0378	31191
69708	97 gtt	0.0167	0.1062	0.0413	0.0342	0.0722	0.0629	0.0128	0.0960	0.0153	0.0238	0.1067	0.0280	0.0044	0.0555	0.0186	0.0341	0.0461	0.0538	0.0169	0.0240	0.1303	69708
43932	98 ggc	0.0148	0.0522	0.0554	0.0156	0.0619	0.0127	0.0024	0.0410	0.0181	0.0224	0.0491	0.0186	0.0088	0.0389	0.0135	0.0415	0.4150	0.0314	0.0138	0.0291	0.0439	43932
48466	99 tct	0.0135	0.0450	0.0655	0.0040	0.1636	0.0343	0.0066	0.0742	0.0236	0.0085	0.0966	0.0413	0.0021	0.0351	0.0185	0.0634	0.0643	0.0566	0.0124	0.0852	0.0857	48466
7056	100 ccc	0.0317	0.0166	0.0489	0.0088	0.0356	0.3451	0.0370	0.0224	0.0009	0.0536	0.0145	0.0120	0.0802	0.0424	0.0007	0.1759	0.0254	0.0020	0.0000	0.0291	0.0174	7056
16315	101 cag	0.0783	0.0837	0.0606	0.0082	0.0010	0.0215	0.0082	0.0189	0.0085	0.0436	0.2070	0.0097	0.0231	0.0360	0.0366	0.0391	0.0952	0.0519	0.0112	0.0074	0.1503	16315
143	102 atc	0.0140	0.1189	0.1329	0.0350	0.0280	0.0210	0.0070	0.0559	0.0210	0.0070	0.1119	0.0490	0.0350	0.0699	0.0490	0.0420	0.0490	0.0490	0.0210	0.0280	0.0559	143
65544	103 ctc	0.0137	0.1248	0.0461	0.0033	0.1388	0.0053	0.0687	0.0117	0.0572	0.0290	0.0728	0.0260	0.0202	0.0761	0.0018	0.0295	0.0186	0.0698	0.0101	0.0790	0.0976	65544
22316	104 gtc	0.0162	0.0842	0.0933	0.0190	0.0408	0.0181	0.0025	0.0914	0.0400	0.0105	0.0878	0.0409	0.0178	0.0570	0.0507	0.0546	0.0947	0.0702	0.0176	0.0247	0.0680	22316
690	105 gag	0.0217	0.0913	0.0348	0.0087	0.0580	0.0174	0.0014	0.0783	0.0043	0.0072	0.0594	0.0319	0.0000	0.0217	0.0319	0.0116	0.0406	0.0246	0.0043	0.4203	0.0304	690
36435	106 agc	0.1107	0.0256	0.0781	0.0002	0.0947	0.0078	0.1371	0.0059	0.0002	0.0001	0.0013	0.1506	0.0048	0.0638	0.0034	0.1178	0.0421	0.0690	0.0009	0.0209	0.0652	36435
57158	107 ccc	0.0150	0.1266	0.0520	0.0720	0.0803	0.0539	0.0499	0.0274	0.0303	0.0568	0.0871	0.1064	0.0061	0.0074	0.0168	0.0693	0.0357	0.0219	0.0267	0.0258	0.0325	57158
91013	108 acc	0.0041	0.0164	0.0447	0.0413	0.2066	0.0111	0.0173	0.1210	0.0249	0.0122	0.1455	0.1065	0.0003	0.0669	0.0191	0.0257	0.0317	0.0612	0.0030	0.0190	0.0216	91013
4529	109 gtg	0.0395	0.0786	0.1424	0.0420	0.1342	0.0329	0.0007	0.0192	0.0075	0.0161	0.1170	0.1939	0.0144	0.0274	0.0060	0.0212	0.0614	0.0426	0.0013	0.0002	0.0015	4529
43322	110 ctc	0.0224	0.2108	0.0837	0.0067	0.1034	0.0465	0.0069	0.0497	0.0357	0.0355	0.0543	0.0905	0.0198	0.0705	0.0633	0.0286	0.0191	0.0093	0.0038	0.0106	0.0287	43322
25765	111 gaa	0.1198	0.0432	0.0165	0.0002	0.0058	0.1507	0.0003	0.0567	0.0120	0.0021	0.0202	0.0081	0.0003	0.0994	0.1033	0.0834	0.0796	0.0997	0.0243	0.0482	0.0264	25765
27815	112 agc	0.0167	0.1924	0.1983	0.0466	0.0379	0.0144	0.0001	0.0230	0.0343	0.0739	0.0296	0.0628	0.0022	0.0973	0.0015	0.0383	0.0649	0.0354	0.0020	0.0033	0.0250	27815
59675	113 ggc	0.0057	0.0894	0.0475	0.0726	0.0260	0.0477	0.0131	0.1293	0.0194	0.0376	0.0587	0.0910	0.0017	0.1230	0.0129	0.0368	0.0242	0.0660	0.0289	0.0292	0.0393	59675
34046	114 acc	0.0387	0.0577	0.0695	0.0153	0.1432	0.0458	0.0006	0.0901	0.1192	0.0479	0.0754	0.0013	0.0337	0.1205	0.0234	0.0261	0.0292	0.0380	0.0140	0.0037	0.0067	34046
31320	115 aag	0.0007	0.0960	0.1105	0.0331	0.0252	0.0458	0.0102	0.0819	0.0379	0.0124	0.0450	0.2036	0.0214	0.0798	0.0123	0.0415	0.0061	0.0273	0.0152	0.0539	0.0402	31320
59507	116 gag	0.0065	0.0997	0.1596	0.0292	0.0523	0.0328	0.0108	0.1524	0.0413	0.0260	0.0464	0.0449	0.0025	0.0380	0.0450	0.0313	0.0019	0.1002	0.0206	0.0352	0.0234	59507
