		F	L	S	Y	*	C	W	P	H	Q	R	I	M	T	N	K	V	A	D	E	G	
65642	1 atg	0.018722423	0.081568779	0.0807	0.024844921	0.039195283	0.026401762	0.029305714	0.046737491	0.024199598	0.036589793	0.104800394	0.032024135	0.017560842	0.054513628	0.028684591	0.043123684	0.075801208	0.064790391	0.019916269	0.043228549	0.107276819	123969
72361	2 gct	0.040461363	0.080156244	0.0745	0.038132439	0.061193205	0.034484283	0.01913992	0.012529019	0.022434315	0.029936986	0.066956554	0.060367764	0.01960423	0.046806943	0.042524966	0.055872057	0.074746656	0.049511737	0.026207761	0.034204223	0.110240631	135685
56564	3 ggc	0.022490369	0.078036483	0.0822	0.023651711	0.038465896	0.022565904	0.012179923	0.116313543	0.03922124	0.036766372	0.08405091	0.039523378	0.006543168	0.064563033	0.023849989	0.030204321	0.054403656	0.073221165	0.027626709	0.03271584	0.091424957	105912
59523	4 cgg	0.039635266	0.094273712	0.0868	0.023476617	0.041274419	0.043907813	0.020556596	0.040136865	0.022043478	0.036948129	0.11055776	0.06940874	0.021479179	0.037978198	0.023270604	0.024399201	0.074370986	0.036903344	0.018066516	0.026127926	0.108354308	111643
47642	5 tct	0.024401541	0.072357347	0.0751	0.02062834	0.03611654	0.025169738	0.020413696	0.073509642	0.033280991	0.030965104	0.117104802	0.025587727	0.01273173	0.065070776	0.018244671	0.025260114	0.06335363	0.082253527	0.029575571	0.040285137	0.108609451	88519
44363	6 ggc	0.027074246	0.092291637	0.0826	0.030333943	0.050068008	0.03136579	0.036407767	0.023767647	0.016873036	0.027566718	0.102938418	0.029536607	0.021188031	0.034953801	0.01686131	0.030533277	0.089641668	0.052014446	0.035915295	0.03259697	0.13547676	85284
44520	7 gat	0.045833383	0.08834015	0.0656	0.02209398	0.040515566	0.038548212	0.025515983	0.043877953	0.019685462	0.022868998	0.095291466	0.031608819	0.026314848	0.036378161	0.011124492	0.027793344	0.106380188	0.063432257	0.033290012	0.040455949	0.115084239	83869
59433	8 tct	0.022459187	0.092195905	0.0858	0.021232424	0.04576767	0.0280268	0.02160989	0.083797301	0.030763424	0.038218364	0.107388884	0.036425403	0.014249316	0.062470511	0.024912711	0.031140889	0.051335284	0.061055016	0.027366236	0.035859205	0.077946589	10597
47680	9 gat	0.023557624	0.081773495	0.0890	0.026845492	0.042720575	0.030024849	0.018533589	0.077009885	0.031088252	0.032965483	0.099753681	0.039660579	0.014421042	0.065713945	0.029373786	0.033508035	0.056143321	0.064802457	0.032922079	0.032509739	0.077671799	92157
35177	10 gag	0.015663751	0.072256305	0.0733	0.017563707	0.031951152	0.026280294	0.020957519	0.127572554	0.031661083	0.024641402	0.116230837	0.02175521	0.011008136	0.058216943	0.020725464	0.022248328	0.04931181	0.084178161	0.025410086	0.041262382	0.107833326	68949
42958	11 gaa	0.018836105	0.08692633	0.0854	0.025643887	0.039470258	0.028334759	0.01530201	0.124028124	0.03582456	0.03246407	0.104051189	0.030368414	0.012945947	0.065560557	0.023635033	0.024751063	0.048696105	0.075084012	0.024751063	0.030752824	0.067222202	80643
24214	12 ttg	0.037219101	0.084503745	0.0475	0.027036517	0.047518727	0.038623596	0.031132959	0.023993446	0.011352996	0.010065543	0.094452247	0.04002809	0.020131086	0.032771536	0.018726592	0.024110487	0.107911985	0.066011236	0.031132959	0.045529026	0.160229401	8544
40692	13 att	0.016377274	0.070881674	0.0789	0.020802512	0.035168315	0.026914791	0.01846661	0.121259311	0.035596564	0.0355187	0.106387397	0.045783695	0.011458901	0.070725947	0.027148382	0.024319344	0.051947883	0.067274001	0.026629292	0.027057541	0.081380259	77058
37115	14 cgg	0.0239443	0.087809917	0.0855	0.027835956	0.042822371	0.033822031	0.016076078	0.088305219	0.033680516	0.034713574	0.098734858	0.040119438	0.013443904	0.071224386	0.031487037	0.031359674	0.056888939	0.061403261	0.030213404	0.027906713	0.062691045	70664
49825	15 acc	0.019916154	0.074290912	0.0732	0.01796113	0.036664541	0.024892578	0.005917345	0.154352803	0.03270222	0.028154436	0.094322067	0.032419943	0.005906891	0.145142236	0.027652612	0.022310274	0.033287681	0.069335396	0.023773928	0.024610302	0.053151561	95651
63446	16 gtg	0.011483121	0.074847814	0.0735	0.015080243	0.020268401	0.025041505	0.019161594	0.136828998	0.042612064	0.035071942	0.139665191	0.015011068	0.009061981	0.043372994	0.01528777	0.017293857	0.058314887	0.093871057	0.023796348	0.027047593	0.103348091	14456
34696	17 cgg	0.023583168	0.088510576	0.0822	0.018792837	0.0396492	0.032279461	0.013928808	0.138108925	0.040680964	0.035079962	0.109366939	0.026973248	0.010538728	0.057705063	0.017761073	0.016287125	0.047682217	0.092785025	0.026309971	0.019603508	0.062200604	13569
3561	18 ttg	0.02879046	0.12572402	0.0624	0.019761499	0.046848382	0.038330494	0.01669506	0.091822828	0.026746167	0.027086882	0.088756388	0.039352641	0.014310051	0.049914821	0.024190801	0.029982964	0.07274276	0.066098807	0.027427598	0.031005111	0.072061329	5870
36064	19 att	0.027041519	0.08983407	0.0850	0.024433012	0.035780016	0.030577494	0.012984566	0.134772843	0.037910296	0.033026592	0.105311209	0.041330338	0.011680313	0.06618361	0.020520252	0.022940367	0.047315412	0.071081806	0.023520035	0.024186653	0.054590247	69005
1	20 aaa	0.02794444	0.093942632	0.0895	0.02449248	0.047341169	0.029012904	0.015205063	0.072408975	0.037724994	0.028273198	0.076518452	0.044053588	0.0156982	0.067970741	0.035094929	0.042820745	0.060409304	0.053751952	0.03320457	0.032464864	0.072162407	12167
44563	21 ttg	0.017032269	0.105959105	0.0818	0.016244144	0.024300539	0.02854766	0.021979947	0.113271159	0.039581418	0.032444503	0.124917904	0.017732825	0.020403695	0.075222208	0.014492754	0.015631157	0.05350497	0.081570997	0.015368449	0.019922063	0.080038531	22839
49637	22 ttg	0.021437217	0.105880104	0.0918	0.019759614	0.030441061	0.032012486	0.018612898	0.12967446	0.045348368	0.030483532	0.110169671	0.025769255	0.010426621	0.060998917	0.015109044	0.015183368	0.054299123	0.072890786	0.016616763	0.023794356	0.069270137	94182
24780	23 tac	0.022518543	0.091163116	0.0838	0.028312548	0.031456103	0.033675084	0.015573956	0.10965462	0.045201455	0.032853239	0.106716525	0.024675885	0.015409587	0.049577777	0.022436358	0.015450679	0.059193359	0.077869779	0.029216577	0.020957038	0.084239075	48671
47675	24 cag	0.013403728	0.082825127	0.0744	0.013802392	0.029748949	0.033369249	0.0333477	0.077911863	0.024911109	0.044865855	0.122260532	0.01640987	0.014427325	0.049498976	0.011722875	0.016690012	0.074927271	0.092694753	0.024124556	0.033369249	0.1153324	92810
47726	25 tct	0.017785183	0.077650341	0.0982	0.019528828	0.03700403	0.040103844	0.030959392	0.06633602	0.025108493	0.023791073	0.130967142	0.018715127	0.013949163	0.03715902	0.012864228	0.012438004	0.081098884	0.088887167	0.024372288	0.026929634	0.11616553	25808
49022	26 aat	0.029493477	0.078899276	0.0729	0.018760894	0.042571172	0.042719062	0.034954841	0.034056938	0.014799556	0.019098928	0.114667512	0.023768024	0.018412296	0.034553425	0.028511065	0.024380711	0.0795014	0.081001426	0.021602493	0.030961813	0.154407648	94665
136818	27 cct	0.022988071	0.079319063	0.0791	0.018840075	0.03870958	0.038845828	0.036537181	0.064271224	0.01844647	0.024570062	0.111572	0.025115054	0.017553288	0.039905535	0.016531428	0.019740826	0.075799322	0.07775221	0.022390093	0.031791207	0.140237072	132112
99239	28 ccc	0.027284369	0.095939359	0.0829	0.023959022	0.037105502	0.036475545	0.020747274	0.102559071	0.034833526	0.025921183	0.093109716	0.032892019	0.010988103	0.061312376	0.018217118	0.021594101	0.064018093	0.075491573	0.022141441	0.024196547	0.088338566	96832
119773	29 cct	0.020514524	0.083565388	0.0618	0.017244463	0.025010858	0.026935425	0.013914791	0.319392995	0.032947568	0.020557103	0.081436442	0.02221768	0.006906301	0.047160412	0.014510896	0.011939129	0.051443851	0.061194424	0.017993852	0.013114307	0.050209062	117429
120823	30 aat	0.023512217	0.105302288	0.0802	0.021526816	0.026376263	0.009369403	0.002669731	0.118059545	0.027694231	0.023588253	0.110734683	0.035661181	0.015790274	0.071280119	0.076991315	0.022608225	0.029510662	0.084257038	0.023157379	0.028167348	0.063524382	118364
105529	31 cct	0.031060694	0.115078906	0.0777	0.024211907	0.037735849	0.017102674	0.012221708	0.14283096	0.047796813	0.031948142	0.086005325	0.042346722	0.010138133	0.062237142	0.025301925	0.021356638	0.055764556	0.059401165	0.023517382	0.027645947	0.048626384	103668
263103	32 gaa	0.043544339	0.115570388	0.0771	0.027963509	0.047067331	0.015530556	0.002374443	0.101919277	0.046181749	0.031993101	0.079625039	0.037770654	0.016930472	0.05550163	0.025264224	0.028968974	0.060853794	0.080328864	0.03605363	0.032898019	0.036537026	258587
85307	33 gga	0.03482676	0.082811885	0.0930	0.032490674	0.049868297	0.041000703	0.019868655	0.046090035	0.027329829	0.023456216	0.07436145	0.047985125	0.016173824	0.058592865	0.027949607	0.025065255	0.074432963	0.058402164	0.026733889	0.026102192	0.113443225	83901
104511	34 aca	0.024198996	0.069973471	0.0871	0.023787848	0.038716435	0.023357121	0.019666579	0.083658825	0.036249547	0.031482188	0.094338884	0.026088319	0.015251632	0.065274637	0.024972345	0.025158341	0.069904947	0.074045794	0.030542422	0.030933991	0.105283252	102153
100691	35 agg	0.029957593	0.0898021	0.0873	0.028422859	0.031936591	0.036732633	0.019699111	0.071072294	0.023424879	0.033834814	0.107572698	0.043204766	0.020638126	0.059208401	0.021880048	0.023404685	0.067447496	0.056583199	0.028301696	0.028513732	0.091033926	99040
55199	36 caa	0.023262813	0.078495692	0.0812	0.028178198	0.050498059	0.03113746	0.016852749	0.060519426	0.031669124	0.044168247	0.090402961	0.029462217	0.02310231	0.05172189	0.039543772	0.042743788	0.069788438	0.058452958	0.026262201	0.031598905	0.09096472	99687
32528	37 gca	0.023829875	0.102046224	0.0840	0.017000581	0.042693767	0.037343157	0.016974939	0.047463161	0.034471264	0.029582208	0.109003727	0.030753188	0.018957913	0.062378201	0.031701939	0.030223255	0.078746282	0.067523676	0.033368662	0.029077917	0.072908476	116996
107534	38 agg	0.034757436	0.10433853	0.1041	0.035400742	0.030206993	0.034653372	0.005941119	0.10258836	0.04008363	0.027567547	0.073989631	0.052949746	0.014020283	0.080072656	0.038276697	0.021560206	0.046989707	0.06299667	0.027501324	0.022099448	0.039913343	105704
83309	39 cgc	0.025917927	0.094700116	0.0812	0.024588802	0.054161821	0.030237581	0.009968433	0.136069114	0.041535139	0.039375312	0.099684333	0.03007144	0.007974747	0.062468849	0.026084067	0.032563549	0.043528825	0.072769563	0.016281774	0.026416348	0.044359528	6019
160657	40 aac	0.029524174	0.030740812	0.0917	0.026657749	0.034511752	0.033014842	0.022740302	0.021115995	0.007911332	0.002911013	0.044244856	0.049582776	0.018294159	0.078590993	0.10417224	0.042098223	0.080049685	0.104000255	0.034639149	0.036473661	0.107064144	156990
93159	41 cgg	0.047065614	0.097294837	0.1125	0.042192547	0.035132705	0.032812725	0.006027507	0.097361439	0.039495155	0.017616304	0.101379777	0.04898598	0.00640492	0.065569949	0.033179038	0.024920355	0.049241289	0.056212328	0.025808385	0.016384162	0.044390423	90087
98599	42 cgc	0.028883037	0.061000643	0.0611	0.021221672	0.03418068	0.034346555	0.001949035	0.022403533	0.021615625	0.013425532	0.187532398	0.042370773	0.017116258	0.046258475	0.028883037	0.035777229	0.073980385	0.076644757	0.037539655	0.024331834	0.12944494	96458
64070	43 cgg	0.027542238	0.041297418	0.1064	0.035527574	0.060408033	0.020082882	0.029996812	0.06058336	0.019461269	0.015333121	0.082594836	0.070290086	0.009324195	0.075183296	0.051514186	0.034507491	0.070226331	0.053602168	0.026203379	0.036850494	0.073079375	62740
90433	44 cgc	0.025931717	0.057206151	0.0658	0.010164191	0.038962731	0.022934584	0.021501173	0.027625749	0.032968465	0.017200938	0.321475111	0.019546521	0.014203805	0.032186604	0.026843888	0.007427678	0.067370341	0.033229085	0.012509773	0.029971332	0.114933542	7674
64999	45 tgg	0.033697603	0.046830221	0.0843	0.043413221	0.057270179	0.045176834	0.024643341	0.03794917	0.01754165	0.01667559	0.080842755	0.057459138	0.012817687	0.06528517	0.034721129	0.031682046	0.06446635	0.067505433	0.032185935	0.045932668	0.099581142	63506
66981	46 cgc	0.031982799	0.082375865	0.0947	0.036350198	0.037223678	0.014983538	0.014378821	0.085130686	0.018813411	0.028152926	0.098434455	0.044144326	0.012094336	0.063360882	0.023785527	0.049788349	0.045756904	0.068064234	0.033931331	0.037626823	0.078881946	14883
73273	47 gaa	0.040525297	0.10202348	0.0951	0.030303452	0.059075021	0.037600791	0.017811634	0.070578077	0.029579289	0.014901054	0.061609592	0.050872478	0.012213294	0.067751055	0.022323729	0.022309803	0.055913769	0.029064019	0.037614717	0.043589065	0.099266088	71807
181538	48 aga	0.031367112	0.088657458	0.0947	0.028583183	0.039555473	0.027833663	0.025613282	0.082672573	0.027878747	0.025494937	0.090680598	0.03836075	0.013051784	0.057318523	0.024469278	0.022350336	0.073210592	0.060840702	0.025748533	0.026537501	0.095048099	177447
62650	49 caa	0.024359857	0.081685846	0.0859	0.023802498	0.039588866	0.031572735	0.020064916	0.109012819	0.038769221	0.026064719	0.088292187	0.028294154	0.013966755	0.06381758	0.021982886	0.020638668	0.063965116	0.066440445	0.024720501	0.026113898	0.100898331	61002
43349	50 cgg	0.028775634	0.102793479	0.0932	0.025108609	0.040991265	0.033120007	0.013149904	0.101485495	0.033493717	0.029125987	0.078245434	0.037277526	0.016489933	0.060237306	0.022866352	0.024384547	0.067711496	0.060027094	0.022772925	0.025295464	0.08345401	42814
56602	51 caa	0.024289816	0.09730374	0.0648	0.020750185	0.029761797	0.026474997	0.01511567	0.15007314	0.038177451	0.056128438	0.092301302	0.024362054	0.00962563	0.046430571	0.016199231	0.015043433	0.064706626	0.081501815	0.023188196	0.021003016	0.082765969	55373
90465	52 att	0.027656554	0.104001262	0.0908	0.023555392	0.033335086	0.02944424	0.005731111	0.119512067	0.034544403	0.024817288	0.093695778	0.044744729	0.01104159	0.071349703	0.022030601	0.019033598	0.061622588	0.066827909	0.021504811	0.022135759	0.072611599	19019
36157	53 cac	0.034766439	0.081055953	0.0842	0.038569899	0.042373359	0.036738604	0.013269848	0.092635375	0.036992168	0.026201612	0.083112639	0.036597735	0.022003719	0.07536485	0.028568209	0.028145602	0.049163239	0.066292895	0.028624556	0.024567533	0.070800699	35494
56085	54 tcc	0.035827607	0.094808986	0.0756	0.03087774	0.031040923	0.027994851	0.011894185	0.118542962	0.033923812	0.022609831	0.084945515	0.040614291	0.015321016	0.057349555	0.027741011	0.024477363	0.073250775	0.057984153	0.025764691	0.026780048	0.082606567	55153
67873	55 att	0.032713721	0.094669933	0.1060	0.033570259	0.033840744	0.038889807	0.015462756	0.111199603	0.030790269	0.031226051	0.084301321	0.038213593	0.009887749	0.061325079	0.024313643	0.015628052	0.050655927	0.060799134	0.025831367	0.02954303	0.071107638	66547
52507	56 tcc	0.020759864	0.086432896	0.0893	0.022157163	0.03034134	0.022689467	0.023487923	0.112781955	0.034932464	0.025750216	0.099873578	0.035464768	0.012442611	0.066737641	0.024419456	0.025350988	0.058819615	0.058753077	0.027879433	0.032803247	0.088828265	15029
77174	57 gag	0.032845375	0.105383283	0.0995	0.038774332	0.032884726	0.036308306	0.017550763	0.089996852	0.030444934	0.027729682	0.089852563	0.037449499	0.01271053	0.053321266	0.025237421	0.01692114	0.068379768	0.067212341	0.034445669	0.019688861	0.063342778	76236
117994	58 aga	0.036630037	0.106002488	0.0839	0.031170088	0.040206649	0.02734294	0.010850784	0.085190753	0.038565208	0.025209068	0.104767088	0.045588845	0.015602322	0.05119566	0.024941254	0.017908978	0.064370378	0.065856313	0.03001244	0.021494229	0.073208238	115752
96013	59 att	0.033149522	0.094590447	0.0868	0.025158497	0.049756036	0.038166404	0.012129423	0.06887099	0.033657561	0.024915062	0.09633683	0.054360136	0.016553593	0.070881976	0.026312169	0.026015813	0.064235137	0.061843122	0.031720663	0.031138536	0.053396979	94481
66069	60 ttg	0.018436461	0.079166007	0.0919	0.026467796	0.036200348	0.034815635	0.018555151	0.104209527	0.036556417	0.034182624	0.138827346	0.01436145	0.012106346	0.063380282	0.007081817	0.01879253	0.062668144	0.052460832	0.046328533	0.019544232	0.083953157	25276
66134	61 tct	0.019140667	0.0975621	0.0932	0.018541561	0.026468194	0.023380494	0.014839394	0.15579827	0.044548904	0.034087592	0.101510054	0.028987511	0.008602547	0.085687512	0.017327987	0.016175861	0.042213927	0.062491359	0.017589136	0.01880271	0.073090926	65097
106074	62 acc	0.0234381	0.06884642	0.0849	0.019936296	0.038913194	0.028628444	0.019600507	0.091046895	0.026805588	0.026508174	0.099892547	0.026297106	0.011397651	0.102166321	0.016041139	0.018900146	0.064951263	0.067800675	0.026220355	0.027563512	0.110119733	104232
81694	63 tac	0.021371444	0.091385866	0.0966	0.028582667	0.020978104	0.015471352	0.009046807	0.103317163	0.035925003	0.022813688	0.103317163	0.02871378	0.014029107	0.05991871	0.041169529	0.019535859	0.060180936	0.055985315	0.039858398	0.025960404	0.105808313	7627
27174	64 ctc	0.034573004	0.102708106	0.0827	0.039526446	0.048927877	0.018387267	0.035538982	0.088881151	0.028844534	0.028822069	0.104774849	0.0382235	0.017084321	0.066146986	0.022678004	0.031776163	0.047613699	0.043547608	0.0137034	0.026643004	0.078850712	89029
50763	65 ggc	0.030513844	0.107861024	0.1086	0.038793881	0.049479741	0.02596283	0.017101385	0.080234167	0.035125003	0.029310932	0.077988733	0.046973676	0.010926442	0.053810221	0.031195493	0.019086189	0.053770124	0.057058081	0.032077628	0.026985304	0.067142485	49879
90971	66 agg	0.032139691	0.106249509	0.0979	0.023745666	0.040365387	0.033407772	0.022309255	0.117830571	0.033149667	0.029884077	0.123015116	0.037301792	0.013365353	0.065098585	0.021074839	0.026360382	0.04771577	0.046178362	0.018886557	0.01930177	0.044685841	89111
112255	67 agc	0.022353852	0.099922541	0.0648	0.022973527	0.031248007	0.021752404	0.018963867	0.119952613	0.035020732	0.033453319	0.09934843	0.030263817	0.011728254	0.064200118	0.029461885	0.024139974	0.061448034	0.068000182	0.020166765	0.031822117	0.088932428	109735
89895	68 gca	0.03368688	0.11013889	0.0993	0.028502541	0.038101491	0.030890959	0.017828238	0.146814122	0.036765788	0.027393229	0.067781262	0.036052658	0.012202438	0.051503798	0.020941105	0.01683212	0.06010663	0.070282875	0.023046535	0.02386154	0.048006067	88343
35313	69 gaa	0.036382392	0.09301144	0.0880	0.03685969	0.046297864	0.035951285	0.016674622	0.057260312	0.034611772	0.030377681	0.07930838	0.050039262	0.013410522	0.055320328	0.031270689	0.0279604	0.075844124	0.054442717	0.031193706	0.030500855	0.075305239	64949
94040	70 ccc	0.028758511	0.08754813	0.0795	0.024777567	0.039265592	0.029650417	0.022743588	0.083523679	0.031151428	0.033381192	0.105853945	0.034142574	0.01618482	0.059572756	0.023766016	0.022634819	0.069068285	0.064478235	0.026702778	0.0299876	0.087319715	91938
134347	71 gtc	0.029392777	0.081585843	0.0843	0.026088938	0.038514412	0.030425702	0.027273763	0.057258953	0.02192686	0.024197775	0.094034102	0.041256218	0.015744503	0.048782896	0.022974974	0.028633274	0.082527627	0.049884176	0.031876353	0.03701819	0.126335776	131665
80187	72 ccc	0.023148923	0.081591964	0.0771	0.022106385	0.046138041	0.022608629	0.023864242	0.057103721	0.030347767	0.02724298	0.100448976	0.041480861	0.018780915	0.054280496	0.01859828	0.034008066	0.074674682	0.059173579	0.028178982	0.041435203	0.117700327	131410
71205	73 ttg	0.028333024	0.091642972	0.0735	0.025389704	0.044421266	0.037348726	0.028375888	0.045892926	0.020603238	0.023575133	0.095314978	0.035091229	0.016031091	0.041963737	0.022803583	0.026689908	0.088628213	0.0649102	0.030047579	0.03823458	0.121247625	69989
109621	74 caa	0.032983452	0.096811849	0.0866	0.031946883	0.048074409	0.031760114	0.021609204	0.057375518	0.026194389	0.037718053	0.080413507	0.053033133	0.019984311	0.060868104	0.032423144	0.037960853	0.067461059	0.047598147	0.027548467	0.026072989	0.075566845	107084
28934	75 ttg	0.030925613	0.087245429	0.0802	0.033368054	0.046981071	0.029919902	0.014187709	0.03900722	0.024855429	0.024604001	0.094500916	0.04884882	0.016199131	0.048669229	0.032182752	0.036097841	0.083725441	0.055673288	0.026328077	0.036385187	0.110089436	27841
78642	76 cct	0.01838829	0.072484963	0.0913	0.031104951	0.045284027	0.033788166	0.018121241	0.077355443	0.026145453	0.017905057	0.101936747	0.040375396	0.01888424	0.05753017	0.0322876	0.032007833	0.055711688	0.049340641	0.023500388	0.031079517	0.125488002	78637
45190	77 cca	0.024165708	0.081769496	0.0800	0.02494025	0.036801806	0.035252722	0.027042578	0.075595291	0.026223776	0.017925113	0.1005798	0.033305302	0.012547579	0.043706294	0.021355227	0.022594494	0.073515093	0.070682482	0.028126936	0.031468531	0.132380278	45188
52340	78 ttg	0.036151715	0.092232731	0.0962	0.027209325	0.046183243	0.033361995	0.028527754	0.047234165	0.025585172	0.025566065	0.103582688	0.03504347	0.008139868	0.047062195	0.025585172	0.032463934	0.086404892	0.055698863	0.026196618	0.033209133	0.088392089	52335
59226	79 gaa	0.020651807	0.100371496	0.0607	0.023488686	0.028892266	0.030614657	0.018304627	0.093262411	0.034684228	0.036220871	0.113036136	0.03954745	0.017983789	0.051384667	0.02475515	0.024805809	0.064674097	0.049814252	0.025025329	0.037352246	0.104441067	59220
49582	80 cgg	0.028195716	0.095417692	0.0797	0.024444355	0.031099996	0.027388972	0.016760115	0.097353878	0.029627687	0.025432617	0.116574563	0.035900125	0.017506353	0.052902263	0.023839297	0.025150256	0.069944738	0.061090718	0.022709854	0.024424186	0.094530273	49582
57048	81 ttg	0.025328218	0.124663442	0.0920	0.023136124	0.036193381	0.029712407	0.017489099	0.107102862	0.037980414	0.019514403	0.091686721	0.028163645	0.014796636	0.053468036	0.018418356	0.015535276	0.070099359	0.062569992	0.01913317	0.023398222	0.083966737	57039
95116	82 aca	0.029963413	0.082162833	0.0792	0.030657303	0.0347891	0.042810884	0.019849447	0.104051895	0.034505236	0.012006392	0.07565499	0.036818201	0.015213003	0.07471929	0.030762437	0.020385634	0.072900458	0.07323689	0.029301064	0.013362631	0.087682409	95116
64455	83 ttg	0.031355209	0.114188193	0.1016	0.028097122	0.036707781	0.027740284	0.017128229	0.105499961	0.04215344	0.032208518	0.101047242	0.038181677	0.011558452	0.071817547	0.028965945	0.025366535	0.045209836	0.05198976	0.018602126	0.021860213	0.048731673	64455
52821	84 gac	0.025463357	0.089831696	0.0829	0.024100263	0.032449215	0.030328846	0.016830427	0.135968649	0.041347191	0.023551239	0.098010261	0.035251131	0.012229984	0.055867931	0.01898866	0.018969728	0.048806346	0.067605687	0.023551239	0.026466746	0.091459836	52821
68170	85 tgc	0.023910811	0.073170016	0.0657	0.024233534	0.042628722	0.042467361	0.019920786	0.078876339	0.033812528	0.029441103	0.0898049	0.031377439	0.010503154	0.057224586	0.022605252	0.024145519	0.073580754	0.068842599	0.029397095	0.035690186	0.122619921	68170
66634	86 aac	0.024087887	0.089042638	0.0574	0.022452012	0.032567424	0.015548318	0.010400564	0.102084615	0.041827378	0.030631388	0.074664946	0.029971035	0.009304978	0.057300656	0.056640303	0.023727694	0.077966712	0.065435008	0.045504345	0.038450571	0.094985817	66631
57239	87 gaa	0.035103353	0.09774423	0.0903	0.02488162	0.033356048	0.026017368	0.019936748	0.131991403	0.045779385	0.024235117	0.080480858	0.031294229	0.010553721	0.064545439	0.017036222	0.016057731	0.059233632	0.058097884	0.026331883	0.024602051	0.082455313	66634
84152	88 gac	0.039197975	0.108858172	0.0841	0.029986807	0.043310315	0.019289968	0.010649298	0.112661493	0.042941869	0.030343369	0.060769935	0.049217348	0.011932919	0.081676314	0.032066748	0.024947407	0.05134483	0.065785564	0.032399539	0.021251055	0.047220604	57239
13148	89 tgc	0.027458736	0.098425496	0.0891	0.024948657	0.041150072	0.036358105	0.019700312	0.140336198	0.028675744	0.03088157	0.091579828	0.033011333	0.007454172	0.079257625	0.024416217	0.019015745	0.041986765	0.051114323	0.021221571	0.015745037	0.078192744	84152
19404	90 ggg	0.024483274	0.087675893	0.0707	0.027163548	0.038451626	0.022524612	0.012576671	0.122107108	0.035977527	0.035565177	0.066130612	0.053914747	0.015153858	0.077109427	0.038348539	0.034482759	0.062883357	0.050255141	0.024947168	0.026441936	0.073089016	13148
23401	91 acg	0.012949271	0.077481944	0.0868	0.039232446	0.028761913	0.013675798	0.021881277	0.082524894	0.037480234	0.036155391	0.096072482	0.027864439	0.006154109	0.136202402	0.018804222	0.015470747	0.071626993	0.07957605	0.020684645	0.011068849	0.079490577	19404
8113	92 agc	0.019738465	0.068714532	0.0833	0.026523563	0.025289909	0.025413274	0.002343943	0.138292623	0.040093758	0.025043178	0.082531458	0.040587219	0.011349618	0.066493955	0.024302985	0.026893659	0.065753763	0.082901554	0.026276832	0.03034789	0.087836171	23401
14806	93 ggc	0.031283784	0.075	0.0944	0.027837838	0.041824324	0.035743243	0.023378378	0.062162162	0.013986486	0.011216216	0.07472973	0.043310811	0.017837838	0.058243243	0.0275	0.024797297	0.092027027	0.065	0.031824324	0.034864865	0.113040541	8113
15501	94 acc	0.029094897	0.079994839	0.0856	0.025740275	0.03902974	0.032707567	0.019095542	0.07773692	0.030707696	0.024450035	0.107476937	0.03967486	0.01638604	0.058899426	0.021611509	0.022772724	0.075543513	0.072769499	0.025869299	0.02690149	0.087929811	14806
22021	95 caa	0.022938905	0.083079718	0.0809	0.02248467	0.040063593	0.028344311	0.018714513	0.068589598	0.026027708	0.029207359	0.107426754	0.038292074	0.014808085	0.054190325	0.019486714	0.027526686	0.071632978	0.077628889	0.030978878	0.043515785	0.094117647	15501
20662	96 gga	0.025748996	0.093170708	0.0895	0.025555394	0.042447123	0.02768501	0.018488941	0.072890954	0.029814627	0.035719471	0.083393834	0.045205944	0.014955714	0.064324089	0.030395431	0.032621848	0.074875369	0.058032041	0.024877789	0.034654663	0.075649775	22021
20634	97 gtt	0.012457087	0.100294262	0.0428	0.033349681	0.042226582	0.032417852	0.021628249	0.091564492	0.030407062	0.023197646	0.099901913	0.037861697	0.013192742	0.071162334	0.016086317	0.034968122	0.065963708	0.068563021	0.036488475	0.041883276	0.083570378	20662
7046	98 ggc	0.018283706	0.069003182	0.0796	0.022557819	0.04231372	0.017998765	0.008928147	0.053188963	0.027354324	0.036140001	0.062449542	0.025787149	0.011967517	0.059315192	0.030726124	0.038134587	0.218882082	0.042883602	0.025407228	0.040604075	0.0684333	20634
30134	99 tct	0.018253861	0.078942021	0.0688	0.01676375	0.040571661	0.041215118	0.023232186	0.087916554	0.02434977	0.034069358	0.127167434	0.02028583	0.014799512	0.051408832	0.012835275	0.029768355	0.063295855	0.072202655	0.01693308	0.045448388	0.111690599	7046
19513	100 ccc	0.022289032	0.071065727	0.0485	0.01264773	0.043126685	0.03094547	0.048258345	0.067748289	0.013632594	0.027939042	0.088585942	0.027731702	0.020422973	0.060387725	0.019075264	0.035299606	0.095428157	0.062979473	0.030271615	0.040379432	0.133319511	30134
15037	101 cag	0.027388065	0.088809827	0.0773	0.026515406	0.036248909	0.034772102	0.03705444	0.074108881	0.024031684	0.019802645	0.091629187	0.036316037	0.013559777	0.042156139	0.024971471	0.021749346	0.071490904	0.053769215	0.018661475	0.022420622	0.157212862	19513
29146	102 atc	0.023977433	0.064825865	0.0662	0.018389932	0.035206683	0.029836172	0.039492243	0.04426603	0.018986655	0.017033742	0.107355973	0.032168818	0.011771726	0.041662146	0.021482044	0.025496365	0.066616036	0.065639579	0.025659108	0.033796246	0.210155148	15037
18125	103 ctc	0.018005463	0.07224483	0.0460	0.005295724	0.068342717	0.019176097	0.058475946	0.03506327	0.031495624	0.025642455	0.128100786	0.025419477	0.017559507	0.078376721	0.005518702	0.034951781	0.048330453	0.075255031	0.035230503	0.043870896	0.127599086	29146
13128	104 gtc	0.02800557	0.073959462	0.0695	0.020578679	0.032802104	0.017638867	0.011449791	0.101810305	0.044406622	0.021661767	0.128655423	0.047965341	0.017174687	0.06204549	0.019108773	0.038527	0.066919387	0.064443757	0.022512765	0.027231936	0.083629893	18125
26	105 gag	0.022435199	0.106512742	0.0868	0.037246787	0.054781093	0.019385755	0.017316489	0.096275321	0.027771727	0.027227184	0.062077979	0.045850577	0.009583969	0.055761272	0.013831409	0.038553692	0.070355042	0.045414942	0.023633195	0.0361577	0.103027663	13128
14741	106 agc	0.035475498	0.079210257	0.1413	0.04373476	0.056084323	0.031857154	0.01525997	0.016675844	0.00212381	0.004090301	0.053488555	0.059309368	0.015023991	0.107213089	0.048847636	0.048297019	0.047903721	0.078895619	0.024227169	0.03484622	0.056162983	26
23126	107 ccc	0.026896462	0.127170649	0.0809	0.036688863	0.065717892	0.028898464	0.007616312	0.06567437	0.053662358	0.048178613	0.077512295	0.069112591	0.012360186	0.026330679	0.052704879	0.044479262	0.029768899	0.053096575	0.028985507	0.022892458	0.041345694	14741
11852	108 acc	0.014573036	0.066303051	0.0911	0.036901312	0.058292142	0.015851372	0.004090677	0.085051986	0.04346344	0.032725413	0.068689279	0.05258224	0.012953809	0.122208965	0.064428157	0.05155957	0.04346344	0.053264019	0.024799727	0.016703596	0.040991989	23126
15447	109 gtg	0.031186262	0.104414764	0.0711	0.041910652	0.087110994	0.027304428	0.006184617	0.047963682	0.036910323	0.034673334	0.090466478	0.068359761	0.017566945	0.060332917	0.064609514	0.06454372	0.05381933	0.012829791	0.020461872	0.030001974	0.028291335	11852
3050	110 ctc	0.025684353	0.095640419	0.0855	0.036836769	0.059141602	0.029739777	0.012166272	0.061845218	0.031091585	0.043933761	0.071645826	0.07401149	0.006421088	0.05880365	0.054748226	0.059479554	0.035822913	0.06049341	0.014531936	0.030753633	0.051706658	15447
24569	111 gaa	0.029262844	0.104839911	0.0325	0.033879375	0.06381236	0.024422934	0.010945644	0.052196575	0.032315711	0.042293373	0.096425912	0.052792256	0.019731943	0.062397617	0.039538347	0.075204765	0.051898734	0.047133284	0.024571854	0.062769918	0.04110201	3050
22822	112 agc	0.027954596	0.101224126	0.1034	0.051502337	0.050656577	0.027643	0.008146005	0.06312041	0.03765858	0.040997107	0.057467171	0.062675273	0.018606722	0.075406187	0.039216559	0.050434008	0.036634765	0.057022034	0.02172268	0.01544625	0.053015802	24569
14210	113 ggc	0.024562153	0.081802648	0.0740	0.036522853	0.048981917	0.019649722	0.004556457	0.099031753	0.044995016	0.039014666	0.076605439	0.057026912	0.005766766	0.091271536	0.044140681	0.032820732	0.042859177	0.064715933	0.028477858	0.040936922	0.04228962	22822
4141	114 acc	0.023092891	0.081733264	0.0820	0.022573949	0.040217955	0.021536066	0.005189414	0.112091334	0.075505968	0.043850545	0.108199273	0.027763363	0.013233005	0.100415153	0.02672548	0.047742605	0.052413077	0.052413077	0.027763363	0.016865594	0.018681889	14210
28001	115 aag	0.023465311	0.085034508	0.0730	0.028332728	0.043697784	0.013984744	0.009153651	0.129059208	0.043007628	0.037885943	0.099782056	0.041373048	0.016781693	0.115691972	0.018053033	0.064620414	0.028223756	0.049219034	0.015510352	0.027642572	0.036432982	4141
24309	116 gag	0.028718918	0.095753962	0.0886	0.02980951	0.037516359	0.020357714	0.009524502	0.106732587	0.038752363	0.031554457	0.090446416	0.052348408	0.014686637	0.077940963	0.035698706	0.030609277	0.045077796	0.063690563	0.023847608	0.035262469	0.043042024	28001
