		F	L	S	Y	*	C	W	P	H	Q	R	I	M	T	N	K	V	A	D	E	G	
16465	1 ATG	0.0059	0.0325	0.0161	0.0048	0.0087	0.0048	0.0055	0.0149	0.0018	0.0031	0.0088	0.0177	0.7948	0.0125	0.0029	0.0024	0.0117	0.0081	0.0015	0.0039	0.0377	16465
7485	2 GAA	0.0155	0.0807	0.2120	0.0196	0.0025	0.0060	0.0211	0.0231	0.0095	0.0577	0.0281	0.0111	0.0057	0.1488	0.0255	0.0040	0.0286	0.0269	0.0986	0.1380	0.0369	7485
8507	3 CCT	0.0548	0.1244	0.0728	0.0457	0.0018	0.0443	0.0163	0.1642	0.0130	0.0187	0.0330	0.0517	0.0004	0.0717	0.0284	0.0079	0.0823	0.0689	0.0102	0.0552	0.0342	8507
12013	4 GTG	0.0347	0.1293	0.0605	0.0316	0.0061	0.0658	0.0094	0.0592	0.0195	0.0161	0.0091	0.1087	0.0087	0.0614	0.0037	0.0011	0.2580	0.0907	0.0074	0.0036	0.0156	12013
3530	5 GAC	0.0065	0.0323	0.1227	0.0025	0.0054	0.0130	0.0110	0.0048	0.0068	0.0161	0.0037	0.0023	0.0215	0.0040	0.0017	0.0031	0.0210	0.0303	0.3516	0.2782	0.0615	3530
759	6 CCC	0.0105	0.0277	0.0171	0.0685	0.0040	0.0619	0.0975	0.0830	0.0119	0.0026	0.0132	0.0066	0.0487	0.0237	0.0040	0.0092	0.0843	0.0567	0.0132	0.0237	0.3320	759
153	7 CGC	0.0131	0.0654	0.0588	0.0523	0.0261	0.0327	0.0784	0.0327	0.0131	0.0392	0.1046	0.0392	0.0131	0.0523	0.0000	0.0261	0.0784	0.0719	0.0261	0.0000	0.1765	153
270	8 TTG	0.0037	0.4333	0.0593	0.0370	0.0259	0.0185	0.0037	0.0148	0.0148	0.0185	0.0037	0.0963	0.0148	0.0889	0.0333	0.0000	0.0741	0.0185	0.0000	0.0407	0.0000	270
1544	9 GAA	0.0019	0.1431	0.1256	0.0052	0.0065	0.0421	0.0039	0.0907	0.0240	0.0460	0.0104	0.0227	0.0039	0.0997	0.0052	0.0045	0.1794	0.1010	0.0363	0.0395	0.0084	1544
9452	10 CCT	0.0070	0.0191	0.1575	0.0059	0.0042	0.0456	0.0015	0.1829	0.0255	0.0152	0.0474	0.0432	0.0016	0.1319	0.0939	0.0427	0.0305	0.0890	0.0017	0.0081	0.0454	9452
10904	11 TGG	0.0305	0.0160	0.1605	0.1001	0.0086	0.0378	0.0581	0.0244	0.0508	0.0242	0.0222	0.0111	0.0939	0.0215	0.0182	0.0076	0.0187	0.1855	0.0123	0.0426	0.0554	10904
13713	12 AAA	0.0331	0.1569	0.1294	0.0382	0.0043	0.0376	0.0182	0.0144	0.0792	0.0560	0.1416	0.0398	0.0105	0.0426	0.0438	0.0284	0.0336	0.0794	0.0036	0.0020	0.0074	13713
3	13 CAC	0.0000	0.0000	0.0000	0.0000	0.0000	0.0000	0.0000	0.0000	1.0000	0.0000	0.0000	0.0000	0.0000	0.0000	0.0000	0.0000	0.0000	0.0000	0.0000	0.0000	0.0000	3
3110	14 CCT	0.0096	0.0244	0.0932	0.0071	0.0039	0.0125	0.0051	0.3900	0.0158	0.0296	0.0608	0.0151	0.0077	0.0383	0.0068	0.0447	0.0598	0.0717	0.0084	0.0338	0.0617	3110
2643	15 GGC	0.0030	0.0045	0.2932	0.0004	0.0030	0.0061	0.0030	0.0704	0.0053	0.0015	0.0072	0.0034	0.0000	0.1585	0.0011	0.0064	0.0038	0.0314	0.0004	0.0053	0.3920	2643
14025	16 TCC	0.0020	0.0035	0.3899	0.0017	0.0002	0.0692	0.0009	0.0124	0.0010	0.0007	0.0091	0.0146	0.0010	0.0852	0.0018	0.0011	0.0617	0.3420	0.0008	0.0007	0.0006	14025
13518	17 CAA	0.0206	0.0564	0.0915	0.0189	0.0045	0.0129	0.0038	0.0102	0.0374	0.0504	0.1062	0.0277	0.0744	0.0789	0.0476	0.0431	0.0226	0.1177	0.0097	0.0595	0.1058	13518
9869	18 CCC	0.0064	0.1294	0.0088	0.0001	0.0532	0.0056	0.0001	0.6260	0.0019	0.0019	0.0014	0.0013	0.0004	0.0305	0.0011	0.0012	0.0162	0.1086	0.0005	0.0045	0.0008	9869
618	19 AAG	0.0809	0.0307	0.0000	0.0291	0.0000	0.0146	0.0000	0.1117	0.0000	0.0032	0.0663	0.0356	0.0000	0.0906	0.0097	0.1909	0.0129	0.0971	0.0162	0.0793	0.1311	618
16926	20 ACC	0.0139	0.0313	0.2217	0.0144	0.0017	0.0283	0.0115	0.0362	0.0223	0.0226	0.1206	0.0139	0.0121	0.1457	0.0272	0.0107	0.0931	0.0379	0.0799	0.0124	0.0427	16926
2417	21 GCC	0.0219	0.1055	0.1072	0.0062	0.0008	0.0182	0.0124	0.1754	0.0232	0.0174	0.0604	0.0132	0.0298	0.0484	0.0298	0.0170	0.0956	0.0554	0.0567	0.0418	0.0637	2417
14028	22 TGC	0.0029	0.0147	0.0064	0.0051	0.0046	0.8873	0.0024	0.0093	0.0214	0.0010	0.0116	0.0019	0.0004	0.0040	0.0010	0.0019	0.0078	0.0080	0.0016	0.0011	0.0057	14028
2957	23 ACA	0.0081	0.0805	0.1708	0.0098	0.0118	0.0386	0.0051	0.1086	0.0200	0.0315	0.1048	0.0450	0.0044	0.0886	0.0406	0.0463	0.0203	0.0257	0.0426	0.0257	0.0714	2957
1301	24 AAC	0.0015	0.0138	0.2022	0.0046	0.0008	0.0123	0.0000	0.0676	0.0284	0.0154	0.1975	0.0077	0.0031	0.0576	0.2460	0.0208	0.0184	0.0538	0.0115	0.0000	0.0369	1301
6479	25 TGT	0.0031	0.0099	0.0020	0.0037	0.0019	0.9285	0.0005	0.0046	0.0009	0.0009	0.0079	0.0043	0.0000	0.0023	0.0020	0.0029	0.0114	0.0031	0.0000	0.0012	0.0088	6479
14332	26 TAC	0.5311	0.0055	0.0008	0.1075	0.0003	0.0004	0.2340	0.0013	0.0274	0.0047	0.0024	0.0013	0.0001	0.0013	0.0004	0.0001	0.0013	0.0006	0.0751	0.0025	0.0017	14332
5781	27 TGC	0.0029	0.0067	0.0066	0.0026	0.0028	0.9061	0.0042	0.0157	0.0033	0.0033	0.0071	0.0029	0.0002	0.0067	0.0005	0.0012	0.0099	0.0066	0.0014	0.0005	0.0088	5781
17981	28 AAG	0.0008	0.0004	0.0003	0.0001	0.0006	0.0003	0.0001	0.0044	0.0003	0.0027	0.0137	0.0009	0.0001	0.0017	0.0012	0.9347	0.0353	0.0005	0.0002	0.0003	0.0014	17981
768	29 AAA	0.0130	0.0182	0.0273	0.0156	0.0000	0.0221	0.0000	0.0091	0.0156	0.0013	0.0299	0.0091	0.0039	0.0234	0.0078	0.7070	0.0378	0.0326	0.0000	0.0104	0.0156	768
751	30 TGC	0.0013	0.0027	0.0027	0.0040	0.0000	0.9534	0.0000	0.0107	0.0027	0.0027	0.0013	0.0000	0.0000	0.0093	0.0053	0.0000	0.0013	0.0000	0.0013	0.0000	0.0013	751
416	31 TGT	0.0120	0.0433	0.1058	0.0216	0.0000	0.7572	0.0000	0.0024	0.0024	0.0000	0.0000	0.0000	0.0000	0.0024	0.0000	0.0000	0.0096	0.0433	0.0000	0.0000	0.0000	416
747	32 TTC	0.7456	0.0281	0.0094	0.1111	0.0080	0.0000	0.0268	0.0013	0.0067	0.0000	0.0000	0.0375	0.0000	0.0161	0.0013	0.0000	0.0040	0.0013	0.0027	0.0000	0.0000	747
1479	33 CAC	0.0108	0.0020	0.0020	0.0054	0.0014	0.0000	0.0000	0.0027	0.9486	0.0007	0.0000	0.0068	0.0000	0.0176	0.0007	0.0000	0.0000	0.0000	0.0014	0.0000	0.0000	1479
17604	34 TGT	0.0005	0.0049	0.0018	0.0012	0.0008	0.9258	0.0009	0.0020	0.0018	0.0009	0.0103	0.0103	0.0000	0.0234	0.0017	0.0003	0.0037	0.0019	0.0010	0.0046	0.0020	17604
5477	35 CAG	0.0007	0.0064	0.0288	0.0194	0.0004	0.0215	0.0018	0.0570	0.2074	0.2253	0.0022	0.0287	0.0358	0.1411	0.0121	0.0004	0.1698	0.0329	0.0007	0.0058	0.0018	5477
2839	36 GTA	0.0454	0.2068	0.0951	0.0011	0.0004	0.0169	0.0021	0.0025	0.0912	0.0000	0.0113	0.0225	0.1124	0.0384	0.0025	0.0137	0.2998	0.0331	0.0004	0.0028	0.0018	2839
6790	37 TGC	0.0012	0.0143	0.0056	0.0009	0.0028	0.9328	0.0035	0.0065	0.0037	0.0006	0.0044	0.0010	0.0009	0.0019	0.0004	0.0004	0.0060	0.0027	0.0010	0.0034	0.0059	6790
3508	38 TTT	0.7460	0.0080	0.0029	0.1414	0.0000	0.0017	0.0274	0.0020	0.0011	0.0020	0.0048	0.0009	0.0003	0.0011	0.0003	0.0009	0.0559	0.0000	0.0000	0.0017	0.0017	3508
4723	39 ATG	0.0116	0.0658	0.0400	0.0019	0.0108	0.0237	0.0017	0.0032	0.0000	0.0028	0.0055	0.0216	0.5317	0.0212	0.0138	0.0038	0.0536	0.0682	0.0104	0.0207	0.0881	4723
977	40 ACT	0.0041	0.0041	0.0757	0.0000	0.0020	0.0798	0.0716	0.0000	0.0389	0.0082	0.2845	0.0123	0.0440	0.1269	0.0092	0.0450	0.1034	0.0010	0.0154	0.0000	0.0737	977
21412	41 AAG	0.0036	0.0114	0.0182	0.0025	0.0026	0.0108	0.0020	0.0153	0.0019	0.0028	0.0530	0.0024	0.0004	0.0126	0.0055	0.8291	0.0057	0.0038	0.0064	0.0043	0.0055	21412
12459	42 GCT	0.0006	0.0087	0.0189	0.0021	0.0087	0.0013	0.0020	0.0199	0.0026	0.0030	0.0226	0.0068	0.0009	0.0069	0.0044	0.0016	0.0067	0.4240	0.0047	0.0049	0.4488	12459
14834	43 CTG	0.0371	0.5058	0.0217	0.0018	0.0145	0.0658	0.0024	0.0160	0.0061	0.0030	0.0129	0.1650	0.0241	0.0166	0.0011	0.0015	0.0756	0.0138	0.0011	0.0011	0.0131	14834
13566	44 GGA	0.0038	0.0747	0.0668	0.0106	0.0054	0.0865	0.0024	0.0214	0.0268	0.0610	0.0523	0.0046	0.0136	0.0134	0.0634	0.0176	0.0167	0.0770	0.0072	0.0111	0.3638	13566
12506	45 ATT	0.0017	0.3549	0.0039	0.0004	0.0003	0.0020	0.0003	0.0293	0.0005	0.0002	0.0011	0.1823	0.0009	0.0056	0.0002	0.0003	0.4020	0.0098	0.0004	0.0022	0.0014	12506
15526	46 TCT	0.0082	0.0538	0.1260	0.0200	0.0066	0.0221	0.0076	0.0359	0.0328	0.0423	0.1136	0.0304	0.0079	0.0756	0.0525	0.0043	0.0818	0.0910	0.0252	0.0211	0.1412	15526
860	47 TAC	0.0035	0.1140	0.0163	0.0314	0.0012	0.0023	0.0012	0.0081	0.0070	0.0035	0.7151	0.0233	0.0012	0.0326	0.0116	0.0047	0.0081	0.0105	0.0012	0.0012	0.0023	860
9524	48 GGT	0.0197	0.0648	0.0948	0.0145	0.0027	0.0390	0.0129	0.1063	0.0528	0.0279	0.1170	0.0210	0.0114	0.0510	0.0227	0.0130	0.0796	0.0993	0.0117	0.0086	0.1293	9524
20960	49 CGC	0.0310	0.0562	0.0911	0.0350	0.0112	0.0087	0.0113	0.1084	0.0332	0.0471	0.0755	0.0417	0.0058	0.1035	0.0172	0.1264	0.0329	0.1017	0.0036	0.0043	0.0541	20960
6310	50 AAG	0.0618	0.0342	0.0480	0.0033	0.0008	0.0057	0.0006	0.1312	0.1292	0.0025	0.3976	0.0005	0.0006	0.0144	0.0152	0.0027	0.0019	0.0010	0.0002	0.0002	0.1483	6310
7097	51 AAA	0.0455	0.0781	0.0588	0.0366	0.0117	0.0100	0.0290	0.0495	0.0768	0.0244	0.1109	0.0196	0.0021	0.0376	0.0217	0.1247	0.0829	0.0541	0.0159	0.0158	0.0944	7097
10976	52 AGA	0.0109	0.0620	0.1033	0.0484	0.0004	0.0010	0.0002	0.1161	0.0002	0.0989	0.1441	0.1890	0.0002	0.0128	0.0034	0.0481	0.0705	0.0015	0.0005	0.0026	0.0860	10976
945	53 CGG	0.0116	0.2751	0.0275	0.0085	0.0095	0.3873	0.0011	0.0476	0.0032	0.0085	0.0847	0.0042	0.0011	0.0233	0.0032	0.0201	0.0116	0.0296	0.0032	0.0032	0.0360	945
1293	54 CAA	0.0008	0.0588	0.0240	0.0093	0.0008	0.0147	0.0000	0.0108	0.0008	0.7340	0.0201	0.0046	0.0015	0.0108	0.0170	0.0472	0.0224	0.0046	0.0062	0.0046	0.0070	1293
609	55 AGG	0.1051	0.0148	0.4713	0.0066	0.0016	0.1741	0.0279	0.0016	0.0000	0.0000	0.1494	0.0066	0.0016	0.0361	0.0000	0.0016	0.0000	0.0000	0.0016	0.0000	0.0000	609
19051	56 AGG	0.0042	0.1357	0.0606	0.0317	0.0003	0.0346	0.0003	0.0026	0.0034	0.0002	0.4782	0.0120	0.0003	0.1569	0.0047	0.0036	0.0083	0.0291	0.0112	0.0023	0.0199	19051
13684	57 CGG	0.0021	0.0889	0.0932	0.0137	0.0030	0.0224	0.0031	0.1103	0.0180	0.0308	0.2010	0.0028	0.0007	0.0501	0.0444	0.0648	0.0286	0.0876	0.0275	0.0048	0.1022	13684
8198	58 GCC	0.0100	0.1015	0.0949	0.0204	0.0022	0.0379	0.0270	0.0568	0.0226	0.0233	0.1178	0.0093	0.0173	0.0359	0.0037	0.0193	0.1445	0.1141	0.0102	0.0210	0.1104	8198
12908	59 CAC	0.0071	0.1166	0.0985	0.0001	0.0056	0.0875	0.0333	0.0454	0.0083	0.0158	0.0997	0.0466	0.0074	0.0005	0.0025	0.0166	0.1358	0.0847	0.0048	0.0753	0.1081	12908
12157	60 CAA	0.0313	0.1405	0.0918	0.0216	0.0054	0.0085	0.0277	0.0629	0.0118	0.0423	0.0768	0.0327	0.0174	0.0557	0.0315	0.0347	0.0696	0.0537	0.0291	0.0179	0.1371	12157
5707	61 AAT	0.0561	0.0753	0.0605	0.0002	0.0028	0.0133	0.0000	0.0426	0.0140	0.0002	0.1588	0.0519	0.0004	0.0119	0.0175	0.0004	0.0004	0.2017	0.0063	0.0245	0.2614	5707
15737	62 TCC	0.0097	0.0238	0.1125	0.0199	0.0208	0.0794	0.0200	0.0402	0.0956	0.0322	0.1287	0.0236	0.0122	0.0400	0.0189	0.0406	0.0996	0.0632	0.0075	0.0043	0.1073	15737
11859	63 CAA	0.0003	0.0942	0.0231	0.1011	0.0005	0.0001	0.0002	0.0757	0.0046	0.0094	0.0491	0.0001	0.0005	0.2047	0.0001	0.0040	0.1819	0.1300	0.0407	0.0127	0.0672	11859
1083	64 ACA	0.0323	0.0572	0.0646	0.0120	0.0314	0.0065	0.0018	0.0739	0.0139	0.1062	0.0499	0.0683	0.0037	0.1265	0.0129	0.0499	0.0997	0.0222	0.0222	0.0397	0.1053	1083
13610	65 CAC	0.0295	0.0559	0.0827	0.0276	0.0168	0.0253	0.0565	0.0719	0.0248	0.0111	0.0748	0.0198	0.0216	0.0700	0.0256	0.0193	0.0636	0.0502	0.0254	0.0383	0.1891	13610
14175	66 CAG	0.0305	0.0640	0.0911	0.0063	0.0333	0.0346	0.0365	0.0515	0.0146	0.0330	0.1404	0.0264	0.0239	0.0645	0.0159	0.0257	0.0858	0.0523	0.0164	0.0263	0.1269	14175
11739	67 GCA	0.0304	0.1307	0.0715	0.0300	0.0225	0.0247	0.0159	0.1088	0.0546	0.0115	0.0952	0.0458	0.0062	0.0730	0.0080	0.0254	0.0443	0.0833	0.0262	0.0263	0.0657	11739
10978	68 AGC	0.0333	0.1054	0.1018	0.0316	0.0347	0.0152	0.0147	0.0907	0.0277	0.0391	0.0742	0.0658	0.0095	0.0656	0.0327	0.0295	0.0503	0.0734	0.0327	0.0260	0.0461	10978
10973	69 TTG	0.0124	0.0620	0.0875	0.0613	0.0262	0.0180	0.0438	0.0309	0.0176	0.0151	0.0995	0.0648	0.0243	0.0699	0.0226	0.0253	0.0697	0.0409	0.0440	0.0262	0.1377	10973
12959	70 AGC	0.0263	0.0620	0.1117	0.0153	0.0389	0.0210	0.0161	0.0057	0.0235	0.0225	0.0809	0.0526	0.0176	0.1130	0.0705	0.0449	0.0982	0.0708	0.0232	0.0203	0.0651	12959
4956	71 AAA	0.0190	0.0795	0.1112	0.0196	0.0220	0.0174	0.0186	0.0680	0.0301	0.0131	0.1186	0.0287	0.0182	0.0678	0.0373	0.0206	0.0924	0.0561	0.0266	0.0395	0.0958	4956
3904	72 CAA	0.0397	0.0797	0.0776	0.0351	0.0100	0.0328	0.0225	0.0738	0.0374	0.0364	0.0961	0.0085	0.0105	0.0597	0.0143	0.0131	0.0551	0.0989	0.0274	0.0146	0.1570	3904
11048	73 CCG	0.0031	0.0519	0.0692	0.0124	0.0291	0.0244	0.0193	0.0846	0.0089	0.0142	0.0981	0.0326	0.0067	0.0398	0.0339	0.0416	0.0680	0.0652	0.0180	0.0299	0.2492	11048
3	74 ACA	0.0000	0.0000	0.0000	0.0000	0.0000	0.0000	0.0000	0.0000	0.0000	0.0000	0.0000	0.0000	0.0000	1.0000	0.0000	0.0000	0.0000	0.0000	0.0000	0.0000	0.0000	3
8868	75 AGT	0.0397	0.0832	0.0157	0.0030	0.0014	0.0072	0.0351	0.0560	0.0010	0.0085	0.1156	0.0409	0.0134	0.0881	0.0034	0.1389	0.1457	0.0793	0.0268	0.0129	0.0842	8868
12660	76 CAG	0.0041	0.0657	0.0907	0.0378	0.0389	0.0206	0.0000	0.1386	0.0810	0.0367	0.0687	0.0344	0.0090	0.1272	0.0515	0.0306	0.0265	0.0686	0.0210	0.0122	0.0361	12660
11181	77 AGT	0.0163	0.0623	0.0857	0.0223	0.0368	0.0343	0.0385	0.0719	0.0284	0.0219	0.0958	0.0268	0.0348	0.0998	0.0211	0.0200	0.0287	0.0759	0.0491	0.0622	0.0673	11181
10490	78 AGG	0.0128	0.0337	0.1260	0.0168	0.0357	0.0760	0.0286	0.1316	0.0453	0.1503	0.0428	0.0636	0.0100	0.0241	0.0296	0.0162	0.1080	0.0094	0.0072	0.0118	0.0203	10490
12770	79 GGA	0.0121	0.0637	0.1023	0.0330	0.0139	0.0199	0.0036	0.3071	0.0471	0.0327	0.0563	0.0107	0.0092	0.0849	0.0235	0.0118	0.0610	0.0748	0.0132	0.0050	0.0142	12770
7224	80 GAT	0.0170	0.0640	0.0862	0.0354	0.0389	0.0000	0.0040	0.1678	0.0926	0.0404	0.0573	0.0421	0.0162	0.1350	0.0343	0.0415	0.0393	0.0345	0.0177	0.0227	0.0130	7224
443	81 CCC	0.0135	0.0632	0.1490	0.0361	0.0316	0.0158	0.0000	0.1986	0.0293	0.0384	0.0497	0.0293	0.0000	0.1490	0.0248	0.0361	0.0090	0.0316	0.0203	0.0519	0.0226	443
336	82 ACC	0.0030	0.0030	0.0119	0.0000	0.0417	0.0238	0.0060	0.0149	0.0089	0.0536	0.1458	0.0179	0.0119	0.2679	0.0208	0.1310	0.0536	0.0565	0.0268	0.0387	0.0625	336
6757	83 GGT	0.0148	0.0332	0.0588	0.0089	0.0024	0.0312	0.0391	0.0471	0.0058	0.0764	0.0512	0.1498	0.0194	0.0118	0.0040	0.0545	0.1137	0.0737	0.0062	0.0573	0.1410	6757
133	84 CCA	0.0150	0.0677	0.0376	0.0451	0.0000	0.0602	0.0226	0.2406	0.0602	0.0376	0.1128	0.0677	0.0000	0.0602	0.0301	0.0376	0.0000	0.0526	0.0000	0.0226	0.0301	133
5995	85 AAA	0.0462	0.0964	0.0954	0.0242	0.0582	0.0048	0.0107	0.0622	0.0073	0.0127	0.1034	0.0229	0.0230	0.0719	0.0289	0.2177	0.0324	0.0212	0.0088	0.0007	0.0510	5995
879	86 GAG	0.0114	0.0603	0.0387	0.0068	0.0296	0.0148	0.0023	0.1149	0.0171	0.0239	0.0523	0.0603	0.0057	0.0375	0.0102	0.0614	0.0648	0.0307	0.0148	0.3094	0.0330	879
