		F	L	S	Y	*	C	W	P	H	Q	R	I	M	T	N	K	V	A	D	E	G	
10314	1 ATG	0.059336824	0.125072717	0.0824	0.045375218	0.057106845	0.041400039	0.022784565	0.051483421	0.025984099	0.022202831	0.068644561	0.056815978	0.047120419	0.04644173	0.027632344	0.029377545	0.063312003	0.04401784	0.016773318	0.019391119	0.04731433	10314
60171	2 GAA	0.016586063	0.05640591	0.1245	0.019261771	0.025410912	0.020774127	0.017732795	0.109039238	0.014292599	0.027288893	0.080404181	0.014558508	0.011965897	0.076498646	0.016120723	0.017350551	0.033155507	0.087500623	0.020159213	0.10732745	0.103637965	60171
69452	3 CCT	0.05799689	0.092236365	0.0938	0.028969648	0.012022692	0.026003571	0.016039855	0.121249208	0.015593503	0.017998042	0.073964753	0.031258999	0.002332546	0.058040085	0.056053101	0.022619939	0.068262973	0.060991764	0.018631573	0.046593331	0.079335368	69452
49026	4 GTG	0.035797332	0.089585118	0.0808	0.029025415	0.039815608	0.033472035	0.019275486	0.071207115	0.029943295	0.023966875	0.093746175	0.034369518	0.011626484	0.054420104	0.023293762	0.020723698	0.073246849	0.077346714	0.030514421	0.028291111	0.099498225	49026
15937	5 GAC	0.018196649	0.062747067	0.0501	0.01518479	0.049444688	0.029930351	0.038589446	0.012925896	0.007027671	0.015937755	0.097257953	0.020455544	0.014808308	0.017631926	0.012549413	0.023843885	0.085712493	0.051703583	0.023655644	0.038777687	0.313547092	15937
7611	6 CCC	0.016817764	0.044803574	0.0448	0.014058599	0.034818027	0.0269347	0.048613848	0.018000263	0.007226383	0.012481934	0.119169623	0.014058599	0.014715543	0.023781369	0.008934437	0.018788595	0.077913546	0.056759953	0.020365261	0.061227171	0.315727237	7611
46349	7 CGC	0.014887053	0.07946234	0.0497	0.050162895	0.039979288	0.039892986	0.064575287	0.039288874	0.020259337	0.03859846	0.085028803	0.027185053	0.013700403	0.036289888	0.004013032	0.011952793	0.094910354	0.077218494	0.012146972	0.037476537	0.163304494	46349
58779	8 TTG	0.035369775	0.102859865	0.0901	0.028139301	0.049728645	0.038023784	0.01944572	0.088211776	0.02730567	0.025553344	0.084741149	0.038959492	0.01022474	0.052042396	0.025042958	0.023120502	0.059136767	0.07848041	0.028683714	0.028853842	0.065992957	58779
40260	9 GAA	0.023869846	0.091058122	0.0941	0.033134625	0.037232986	0.035245902	0.017014406	0.07739692	0.037853949	0.024018877	0.076179831	0.055489319	0.010928962	0.072826627	0.044808743	0.031371088	0.059612519	0.073075012	0.022826627	0.029706905	0.052260308	40260
37822	10 CCT	0.050208873	0.113954841	0.1048	0.038522553	0.034873883	0.030511343	0.01975041	0.092062821	0.04531754	0.025725768	0.075855322	0.05044683	0.015123473	0.065728941	0.030246946	0.019115858	0.056422188	0.04460367	0.021654064	0.019565332	0.045529057	37822
57024	11 TGG	0.048049944	0.112689394	0.0868	0.036809063	0.048277918	0.03463454	0.01651936	0.07075968	0.035388608	0.029443743	0.083122896	0.050873316	0.01318743	0.055099607	0.026725589	0.025287598	0.072530864	0.058729658	0.028040825	0.025620791	0.041386083	57024
35637	12 AAA	0.025928108	0.10550832	0.0987	0.026461262	0.033083593	0.042848725	0.018183349	0.15051772	0.053287314	0.030473946	0.130454303	0.037348823	0.007604456	0.073855824	0.022981732	0.014759941	0.036114151	0.058674973	0.008305974	0.002834133	0.022027668	35637
43113	13 CAC	0.02147844	0.132720989	0.069	0.016282792	0.043397583	0.030524436	0.014195254	0.110778651	0.050216872	0.029619836	0.078584186	0.035534526	0.007236796	0.028181755	0.032774337	0.01240925	0.056595458	0.049544221	0.027091597	0.014334423	0.139517083	43113
32058	14 CCT	0.027918148	0.07118348	0.0962	0.02676399	0.03964689	0.030351238	0.026857571	0.079948843	0.02261526	0.020213363	0.106369705	0.03549816	0.013943477	0.047538836	0.022053778	0.028510824	0.057583131	0.070809158	0.022178551	0.028479631	0.12533533	32058
45141	15 GGC	0.054850358	0.05715425	0.0941	0.005449591	0.03894464	0.029175251	0.030393655	0.080636229	0.042511243	0.014842383	0.080237478	0.032254491	0.00070889	0.070268714	0.014687313	0.040074433	0.05699918	0.072196008	0.016525996	0.029839835	0.138100618	45141
47761	16 TCC	0.032306694	0.117522665	0.1018	0.032872009	0.033311698	0.037268901	0.032474194	0.10152635	0.026548858	0.033542011	0.100291032	0.044136429	0.017231633	0.060656184	0.025125102	0.024287599	0.052595214	0.066539645	0.023680409	0.02652792	0.00979879	47761
38215	17 CAA	0.04205155	0.090252519	0.0774	0.034672249	0.043595447	0.035849797	0.025461206	0.074447207	0.028287322	0.025513542	0.083291901	0.039199267	0.017401544	0.050765406	0.030485411	0.027005103	0.073348162	0.061651184	0.026586419	0.027135941	0.085646997	38215
1344	18 CCC	0.048363095	0.109375	0.0952	0.01860119	0.076636905	0.02827381	0.004464286	0.054315476	0.03125	0.029017857	0.080357143	0.039434524	0.021577381	0.058779762	0.020089286	0.035714286	0.090029762	0.050595238	0.011904762	0.040178571	0.055803571	1344
41440	19 AAG	0.019305019	0.067977799	0.0264	0.012451737	0.026206564	0.037934363	0.036896718	0.080019305	0.04222973	0.023141892	0.086824324	0.074589768	0.015082046	0.067519305	0.031201737	0.036920849	0.057360039	0.08296332	0.017977799	0.063923745	0.093098456	41440
39652	20 ACC	0.031019873	0.103601332	0.1282	0.041738122	0.030767679	0.020932109	0.016115202	0.090638555	0.025622919	0.01621608	0.082896197	0.039720569	0.011348734	0.077801876	0.032533037	0.023378392	0.053616463	0.059795218	0.029658025	0.022293957	0.062140623	39652
43999	21 GCC	0.031114344	0.083410987	0.0752	0.023523262	0.032114366	0.044728289	0.026296052	0.091933908	0.02868247	0.025159663	0.100161367	0.024500557	0.016500375	0.048887475	0.018727698	0.017750403	0.079479079	0.090024773	0.026250597	0.019568627	0.095979454	43999
34798	22 TGC	0.032932927	0.090005173	0.0827	0.023765734	0.039599977	0.045979654	0.022357607	0.115926203	0.032099546	0.02221392	0.11066728	0.026380826	0.011063854	0.047847577	0.019541353	0.020978217	0.04454279	0.05712972	0.027127996	0.020029887	0.107075119	34798
14046	23 ACA	0.026484408	0.095756799	0.1239	0.015662822	0.048839527	0.032820732	0.023992596	0.04720205	0.026840382	0.016730742	0.095970383	0.051544924	0.00811619	0.057525274	0.030257725	0.032820732	0.047771608	0.053894347	0.034529403	0.040011391	0.089278086	14046
5888	24 AAC	0.026834239	0.100713315	0.096	0.016983696	0.048403533	0.041949728	0.013077446	0.130264946	0.040591033	0.028872283	0.085258152	0.035495924	0.01171875	0.041610054	0.035495924	0.042119565	0.059782609	0.03736413	0.018002717	0.024116848	0.065387228	5888
50618	25 TGT	0.036805089	0.120885851	0.0573	0.035125845	0.036726066	0.048757359	0.017365364	0.055889209	0.016594887	0.016357817	0.101090521	0.055632384	0.000414872	0.051760243	0.036311194	0.043778893	0.068374886	0.052175116	0.004682129	0.024023075	0.119957327	50618
45006	26 TAC	0.017730969	0.069146336	0.0636	0.02101942	0.032195707	0.030951429	0.030484824	0.114762476	0.039839133	0.024663378	0.092809848	0.042416567	0.010954095	0.043838599	0.029396081	0.02010843	0.082366796	0.042372128	0.033995467	0.025552149	0.131782429	45006
81433	27 TGC	0.028330038	0.094949222	0.0548	0.02529687	0.040413592	0.077990495	0.022153181	0.072218879	0.027851117	0.036705021	0.104122407	0.037159383	0.004175212	0.049034175	0.009124065	0.017204327	0.077032653	0.048506134	0.010339789	0.016123685	0.146451684	81433
6889	28 AAG	0.022354478	0.101466105	0.087	0.003774133	0.075482654	0.029322108	0.0137901	0.088546959	0.026854406	0.02206416	0.056902308	0.015096531	0.002322543	0.066627958	0.045870228	0.010451444	0.085353462	0.096966178	0.026128611	0.023080273	0.100595152	6889
64529	29 AAA	0.033891739	0.097475554	0.0893	0.030296456	0.036929133	0.029893536	0.013606286	0.08526399	0.029707573	0.026003812	0.093508345	0.043623797	0.016597189	0.051899146	0.024578097	0.023694773	0.059523625	0.068077918	0.02866928	0.026406732	0.091044337	64529
72947	30 TGC	0.045800376	0.080935474	0.0944	0.030844312	0.033915034	0.051530563	0.017451026	0.084348911	0.027540543	0.01344812	0.0713943	0.041975681	0.006100319	0.073642508	0.027074451	0.018081621	0.067679274	0.054834332	0.031488615	0.022865916	0.104610196	72947
69910	31 TGT	0.025475612	0.089629524	0.081	0.033700472	0.027649836	0.04644543	0.024445716	0.070533543	0.029952796	0.020984122	0.093906451	0.040881133	0.015148047	0.045701616	0.041653555	0.018910027	0.080060077	0.068087541	0.023787727	0.032770705	0.089229009	69910
86421	32 TTC	0.03329052	0.100646834	0.0823	0.02999271	0.025780771	0.034262506	0.031496974	0.079841705	0.024311221	0.030351419	0.095462908	0.040522558	0.01265896	0.075143773	0.018085882	0.025711343	0.064961063	0.059580426	0.021487833	0.026648615	0.087432453	86421
57212	33 CAC	0.026515416	0.047018108	0.0594	0.013196532	0.014332657	0.057400545	0.018125568	0.122247081	0.071680766	0.01504929	0.086887366	0.006834231	0.018300357	0.067887856	0.033734182	0.055495351	0.071243795	0.093197231	0.04105782	0.02038034	0.059987415	57212
5047	34 TGT	0.020011888	0.111551417	0.0717	0.022785813	0.029522489	0.049336239	0.022389538	0.106201704	0.056667327	0.020606301	0.074499703	0.037051714	0.006142263	0.079849415	0.021596988	0.009114325	0.070536953	0.078462453	0.016841688	0.015652863	0.07945314	5047
67363	35 CAG	0.033237831	0.096210086	0.091	0.030536051	0.046212312	0.03209477	0.021183736	0.082567582	0.028739813	0.030476671	0.087258584	0.042797975	0.015201223	0.061205706	0.029140626	0.026631831	0.06010718	0.058236717	0.027893651	0.02816086	0.071092439	67363
55827	36 GTA	0.020241102	0.080391209	0.073	0.020957601	0.032887313	0.03106024	0.020796389	0.112167947	0.035592097	0.020366489	0.09925305	0.027191144	0.012664123	0.057731922	0.01791248	0.013326885	0.073835241	0.066741899	0.024378885	0.031615527	0.12785928	55827
92687	37 TGC	0.015989297	0.096831271	0.087	0.010109293	0.037901755	0.043727815	0.032669091	0.082589791	0.038333315	0.018632602	0.112809779	0.026950921	0.012731019	0.041613171	0.01671216	0.029928685	0.043533613	0.0552181	0.018589446	0.030047364	0.148035863	92687
70072	38 TTT	0.030511474	0.075365339	0.0701	0.020321955	0.046380865	0.025645051	0.024831602	0.055885375	0.026644023	0.024888686	0.10694714	0.046152529	0.016511588	0.041928302	0.023647106	0.023532938	0.077463181	0.053402215	0.023004909	0.03610572	0.150716406	70072
87573	39 ATG	0.019617919	0.052961529	0.0413	0.019389538	0.02653786	0.024642298	0.016671805	0.014113939	0.002968952	0.008895436	0.05510831	0.019412376	0.33983077	0.024299727	0.011887226	0.012104187	0.05187672	0.056478595	0.021821794	0.041302685	0.138798488	87573
80952	40 ACT	0.025447179	0.093240439	0.0765	0.024681293	0.037886649	0.026188359	0.019085384	0.092684554	0.03340251	0.030326613	0.096081629	0.034711928	0.012884178	0.062926178	0.028745429	0.02932602	0.063395592	0.053488487	0.028436604	0.032562506	0.098008697	80952
65747	41 AAG	0.026191309	0.103000897	0.1045	0.029537469	0.029142014	0.024168403	0.02614568	0.09857484	0.024107564	0.037111959	0.087076216	0.033522442	0.011954918	0.060246095	0.028411943	0.028944286	0.058314448	0.05309748	0.022510533	0.041172981	0.072307482	65747
89372	42 GCT	0.014926375	0.059146041	0.0738	0.017253726	0.019502753	0.026585508	0.028006534	0.135982187	0.016157186	0.013706754	0.100501276	0.023721076	0.009790538	0.055531934	0.013382267	0.016067672	0.053428367	0.106364409	0.015217294	0.029964642	0.170948395	89372
121979	43 CTG	0.032710549	0.099353167	0.0705	0.017199682	0.037522852	0.022093967	0.033833693	0.097811918	0.048795284	0.023463055	0.098197231	0.04354848	0.010206675	0.053345248	0.013051427	0.010411628	0.057788636	0.069659532	0.014018807	0.025668353	0.120856869	121979
65129	44 GGA	0.026270939	0.092370526	0.069	0.030324433	0.045325431	0.028881144	0.01997574	0.087702867	0.040181793	0.030401204	0.077507715	0.037479464	0.018471034	0.050699381	0.022708778	0.02275484	0.061186261	0.061278386	0.028466582	0.036435382	0.112561225	65129
72897	45 ATT	0.026379686	0.098124751	0.0854	0.036078302	0.037395229	0.025625197	0.024239681	0.084557664	0.035941122	0.025337119	0.079536881	0.03976844	0.009534	0.054172325	0.029891491	0.030659698	0.069577623	0.043623194	0.030028671	0.028135589	0.106012593	72897
76614	46 TCT	0.020035503	0.083861957	0.1008	0.029863994	0.039313964	0.03080377	0.022554624	0.071958128	0.035241601	0.033009633	0.107408568	0.032631112	0.014905892	0.054259013	0.027031613	0.022502415	0.063186885	0.063565406	0.027514553	0.032487535	0.087085911	76614
73994	47 TAC	0.02524529	0.096913263	0.0792	0.028678001	0.030353812	0.005432873	0.006230235	0.082047193	0.04667946	0.036002919	0.076533232	0.05655864	0.014420088	0.084087899	0.046395654	0.034529827	0.082871584	0.05395032	0.049409412	0.029921345	0.034570371	73994
61219	48 GGT	0.012381777	0.062578611	0.0788	0.016106111	0.013361865	0.035332168	0.017086199	0.124226139	0.043009523	0.015224032	0.122331302	0.017739591	0.008788121	0.06346069	0.018311309	0.013410869	0.054770578	0.093925089	0.032571587	0.017069864	0.139499175	61219
68265	49 CGC	0.03622647	0.070695085	0.1151	0.028579799	0.051959276	0.013476892	0.01312532	0.101530799	0.014458361	0.025298469	0.084538197	0.047549989	0.008364462	0.079308577	0.021021021	0.040401377	0.040899436	0.102204644	0.028989966	0.027393247	0.048853732	68265
57904	50 AAG	0.025870406	0.071704891	0.0822	0.026492125	0.03859837	0.025231418	0.016458276	0.107488256	0.030067007	0.026526665	0.089475684	0.025818596	0.018029842	0.060686654	0.023176292	0.015111219	0.057180851	0.070185134	0.026094916	0.033261951	0.130319149	57904
81015	51 AAA	0.052447078	0.086243288	0.0811	0.026957971	0.053878911	0.010133926	0.022489662	0.058680491	0.052224897	0.030352404	0.054767636	0.023094489	0.002925384	0.042794544	0.02266247	0.054125779	0.095389743	0.064395482	0.031969388	0.037807813	0.095513177	81015
67827	52 AGA	0.03895204	0.090214811	0.0939	0.024238135	0.040396892	0.018547186	0.012222271	0.077461778	0.024724667	0.018517699	0.100579415	0.041310982	0.015569021	0.058973565	0.033320064	0.039969334	0.061612632	0.052147375	0.02552081	0.037551418	0.094313474	67827
61135	53 CGG	0.048204793	0.082113356	0.0876	0.035756931	0.040893105	0.031667621	0.01933426	0.07087593	0.027087593	0.034939069	0.090766337	0.0399771	0.016079169	0.064987323	0.02206592	0.020904555	0.069534636	0.06073444	0.022883782	0.035151713	0.078482048	61135
62346	54 CAA	0.021942065	0.158903538	0.0964	0.04357938	0.028694704	0.04723639	0.006143137	0.070124787	0.016600905	0.006961152	0.124402528	0.027283226	0.018894556	0.06133513	0.008757579	0.017258525	0.093558528	0.03652199	0.040082764	0.019937125	0.055368428	62346
83271	55 AGG	0.018734013	0.087485439	0.0939	0.048432227	0.040650407	0.028485307	0.011624695	0.072258049	0.024090019	0.050413709	0.080736391	0.046786997	0.023717741	0.074924043	0.039833796	0.032039966	0.056322129	0.065653109	0.033541089	0.023801804	0.046534808	83271
75485	56 AGG	0.030774326	0.088693118	0.0891	0.026839769	0.03790157	0.016400609	0.003815328	0.048830894	0.030588859	0.032456779	0.165688547	0.044167715	0.007869113	0.077127906	0.030655097	0.033543088	0.06036961	0.06399947	0.044392926	0.019447572	0.047386898	75485
70075	57 CGG	0.013685337	0.101576882	0.0801	0.029154477	0.050346058	0.025929361	0.016196932	0.087035319	0.025101677	0.033050303	0.124138423	0.014256154	0.014998216	0.0672137	0.010046379	0.032051374	0.034263289	0.092486621	0.020192651	0.024231181	0.103902961	70075
79013	58 GCC	0.015453153	0.082682597	0.0717	0.025337603	0.037993748	0.033184413	0.019680306	0.078354195	0.031868174	0.025173073	0.126713326	0.023363244	0.0174022	0.054193614	0.018971562	0.027767583	0.076620303	0.077012643	0.019705618	0.024565578	0.112260008	79013
68040	59 CAC	0.03324515	0.07973251	0.0674	0.023515579	0.037992357	0.025617284	0.02148736	0.065564374	0.025676073	0.032569077	0.111845973	0.023574368	0.015432099	0.034979424	0.02250147	0.025793651	0.081407995	0.072222222	0.026998824	0.043400941	0.12904174	68040
79112	60 CAA	0.036821215	0.098998888	0.0832	0.030652745	0.048652543	0.0419279	0.022739913	0.053000809	0.024850844	0.022929518	0.090163313	0.044670846	0.013335524	0.052444635	0.024319951	0.024332592	0.083653554	0.062000708	0.028415411	0.029224391	0.083615634	79112
80779	61 AAT	0.021453596	0.145557633	0.0547	0.015499078	0.073286374	0.033214078	0.005174612	0.017108407	0.022778197	0.023471447	0.103541762	0.054494361	0.017615965	0.005409822	0.015734287	0.050334864	0.015771426	0.124822045	0.000581834	0.059953701	0.139541217	80779
73844	62 TCC	0.026962245	0.103840529	0.0625	0.029115433	0.032473864	0.048521207	0.022737121	0.064514382	0.027314338	0.023360056	0.1014165	0.038459455	0.01444938	0.045054439	0.016846325	0.032108228	0.074454255	0.065719625	0.03652294	0.015112941	0.118533666	73844
90410	63 CAA	0.055071342	0.094580246	0.0729	0.00289791	0.000486672	0.022220993	2.21E-05	0.111171331	0.024377834	0.012343767	0.167636323	0.038104192	6.64E-05	0.042583785	0.015219555	0.02384692	0.06865391	0.070235593	0.023150094	0.032430041	0.121955536	90410
69349	64 ACA	0.034795022	0.060894894	0.0803	0.029329911	0.043533432	0.019625373	0.030065322	0.058357006	0.018918802	0.054305037	0.069474686	0.063850957	0.006532178	0.087297582	0.013136455	0.032531111	0.069546785	0.017866155	0.026849702	0.028147486	0.154609295	69349
45225	65 CAC	0.025627418	0.084112769	0.0823	0.027705915	0.042852405	0.027816473	0.023681592	0.05713654	0.02618021	0.031265893	0.103062465	0.038231067	0.013864013	0.063062465	0.028081813	0.030668878	0.072216694	0.056053068	0.027418463	0.031199558	0.107440575	45225
54488	66 CAG	0.034374541	0.08188959	0.0574	0.015452944	0.049974306	0.025712083	0.026115842	0.081283952	0.024372339	0.042137718	0.089891352	0.035934518	0.027492292	0.049533842	0.031603289	0.027584055	0.075814858	0.047570107	0.042669946	0.026299369	0.106867567	54488
74144	67 GCA	0.027945619	0.115734247	0.0811	0.029752913	0.028377212	0.021498705	0.01234085	0.097351101	0.04097432	0.021417782	0.082407208	0.042822076	0.010830276	0.055041541	0.016117285	0.027635412	0.051022335	0.099023522	0.039059128	0.017358114	0.082231873	74144
64023	68 AGC	0.038892273	0.095809319	0.0895	0.034425128	0.051137872	0.020945598	0.008293894	0.080221171	0.029942364	0.037424051	0.074082752	0.051778267	0.009777736	0.063211658	0.03083267	0.026365525	0.05577683	0.076769286	0.035674679	0.03642441	0.052684192	64023
70990	69 TTG	0.023538527	0.061036766	0.0909	0.060501479	0.03500493	0.024665446	0.037117904	0.031722778	0.017495422	0.014072405	0.099408367	0.060290182	0.023059586	0.061839696	0.023158191	0.028567404	0.075038738	0.041893224	0.04090717	0.034962671	0.114847162	70990
14598	70 AGC	0.031922181	0.089327305	0.0852	0.041444033	0.075832306	0.033155227	0.013220989	0.017057131	0.021441293	0.027812029	0.080695986	0.051308398	0.02055076	0.050075353	0.034456775	0.044800658	0.072681189	0.075215783	0.036100836	0.023701877	0.073982737	14598
91097	71 AAA	0.026718772	0.0766326	0.0873	0.022821827	0.031614653	0.023425579	0.018826086	0.097215056	0.027915299	0.024018354	0.110552488	0.036631283	0.012876385	0.063876966	0.028508074	0.022558372	0.075359232	0.073624818	0.026257725	0.0294631	0.083767852	91097
50288	72 CAA	0.026924913	0.080794623	0.0871	0.0201042	0.034282533	0.028714604	0.027819758	0.093223035	0.03547566	0.02943048	0.09407811	0.032353643	0.016266306	0.067312281	0.022152402	0.020283169	0.061525612	0.081570156	0.024399459	0.021476297	0.094694559	50288
7614	73 CCG	0.00525348	0.059101655	0.0672	0.014972419	0.031914894	0.021407933	0.032177568	0.060152351	0.02285264	0.014841082	0.106514316	0.027318098	0.009718939	0.056212241	0.018518519	0.029944838	0.062516417	0.049908064	0.020357237	0.035329656	0.253743105	7614
67215	74 ACA	0.040601056	0.066577401	0.1015	0.040824221	0.023090084	0.016291006	0.016618314	0.079446552	0.041508592	0.013657666	0.088655806	0.036985792	0.00477572	0.071516775	0.008063676	0.028401398	0.055910139	0.060001488	0.038592576	0.016350517	0.150650896	67215
73182	75 AGT	0.028681916	0.077983657	0.0935	0.02045585	0.031182531	0.036566369	0.027561422	0.060943948	0.019813615	0.017504304	0.08709792	0.027192479	0.020032248	0.051829685	0.012735372	0.018173868	0.077942663	0.093424613	0.017572627	0.040255801	0.139556175	73182
91879	76 CAG	0.017773376	0.071975098	0.091	0.044155901	0.032172749	0.020886166	5.44E-05	0.146888843	0.065455654	0.051556939	0.0783204	0.027264119	0.009196879	0.096202614	0.042719229	0.035035209	0.02448873	0.070854058	0.024934969	0.020733791	0.028363391	91879
88960	77 AGT	0.032958633	0.06283723	0.103	0.018289119	0.057981115	0.040085432	0.028675809	0.036465827	0.017389838	0.030721673	0.086892986	0.050629496	0.024471673	0.07053732	0.027461781	0.031688399	0.06629946	0.056800809	0.018098022	0.052147032	0.086544514	88960
57477	78 AGG	0.030012005	0.084538163	0.0961	0.031908416	0.046348974	0.038902518	0.021956609	0.06442577	0.03035997	0.029368269	0.105033318	0.04459175	0.012230979	0.045061503	0.027541451	0.032134593	0.058179794	0.06272074	0.024635941	0.034726934	0.079214294	57477
82702	79 GGA	0.016251118	0.088474281	0.095	0.037000314	0.018512249	0.029696984	0.00655365	0.216524389	0.051909265	0.033614665	0.076515683	0.021462601	0.012817102	0.082343837	0.02386883	0.007520979	0.045803004	0.082706585	0.017738386	0.013675606	0.022018815	82702
109790	80 GAT	0.022870935	0.077557155	0.099	0.028317697	0.03568631	0.006430458	0.003151471	0.13445669	0.066007833	0.054321887	0.05329265	0.045040532	0.021386283	0.133236178	0.039156572	0.041615812	0.043965753	0.049376082	0.010392568	0.017141816	0.017615448	109790
109783	81 CCC	0.017115583	0.068589855	0.1304	0.02940346	0.033502455	0.007651458	0.0034887	0.167794649	0.02509496	0.039787581	0.074246468	0.036235118	2.73E-05	0.106619422	0.0292395	0.04174599	0.011659364	0.087035333	0.017999144	0.05254912	0.019848246	109783
7393	82 ACC	0.011091573	0.064249966	0.0576	0.015825781	0.050453131	0.020424726	0.019613148	0.06966049	0.028675774	0.025023671	0.169755174	0.027864196	0.016907886	0.053564182	0.010279995	0.025699986	0.055052076	0.072095225	0.023265251	0.032463141	0.150412552	7393
5164	83 GGT	0.016847405	0.05925639	0.0616	0.019171185	0.035050349	0.035050349	0.022269558	0.041440744	0.014136328	0.037374129	0.125290473	0.025367932	0.021301317	0.048605732	0.013749032	0.0348567	0.084624322	0.085592564	0.0232378	0.037761425	0.157436096	5164
17454	84 CCA	0.023261144	0.100893778	0.0897	0.037870975	0.045892059	0.026698751	0.013521256	0.12976968	0.041423169	0.037469921	0.07872121	0.036381345	0.01243268	0.082330698	0.041079409	0.028474848	0.031511401	0.067606279	0.019479775	0.021313166	0.034204194	17454
5753	85 AAA	0.043281766	0.064140448	0.069	0.012167565	0.054927864	0.024335129	0.018772814	0.055275508	0.018772814	0.02068486	0.06500956	0.041891187	0.011124631	0.026420998	0.009907874	0.227011994	0.057187554	0.050408483	0.012689032	0.033373892	0.083608552	5753
21890	86 GAG	0.024760164	0.088533577	0.0808	0.01959799	0.029145729	0.016400183	0.003517588	0.176564641	0.034490635	0.045271814	0.109730471	0.04984011	0.010826862	0.085107355	0.021242577	0.021882138	0.030744632	0.072316126	0.013841937	0.02083143	0.044540886	21890
